<<<<<<< HEAD
<<<<<<< HEAD
1,0,0,0,0,1,0,0,0,0,1,0,0,0,0,1|-3.61999e-06,-3.61999e-06,1,0,-1,1.31043e-11,-3.61999e-06,0,0,-1,-3.61999e-06,0,0,0,0,1|-3.61999e-06,-3.61999e-06,1,0,3.61999e-06,-1,-3.61998e-06,0,1,3.61998e-06,3.62e-06,0,0,0,0,1|-3.61999e-06,-3.61999e-06,1,0,3.61999e-06,-1,-3.61998e-06,0,1,3.61998e-06,3.62e-06,0,0.25,9.04994e-07,9.05001e-07,1|-3.61999e-06,-3.61999e-06,1,0,1,7.23997e-06,3.62002e-06,0,-7.23998e-06,1,3.61996e-06,0,0.25,9.04994e-07,9.05001e-07,1|-3.61999e-06,-3.61999e-06,1,0,1,7.23997e-06,3.62002e-06,0,-7.23998e-06,1,3.61996e-06,0,0.249998,0.250001,1.80999e-06,1||
1,0,0,0,0,1,0,0,0,0,1,0,0,0,0,1|-0.525246,-3.08043e-06,0.850951,0,-0.85095,1.90138e-06,-0.525246,0,0,-1,-3.61999e-06,0,0,0,0,1|-0.525246,-3.08043e-06,0.85095,0,3.08043e-06,-1,-1.71861e-06,0,0.85095,1.71861e-06,0.525246,0,0,0,0,1|-0.525246,-3.08043e-06,0.85095,0,3.08043e-06,-1,-1.71861e-06,0,0.85095,1.71861e-06,0.525246,0,0.212738,4.29651e-07,0.131311,1|-0.525246,-3.08043e-06,0.85095,0,0.85095,5.3386e-06,0.525246,0,-6.16086e-06,1,-1.82779e-07,0,0.212738,4.29651e-07,0.131311,1|-0.525246,-3.08043e-06,0.85095,0,0.85095,5.3386e-06,0.525246,0,-6.16086e-06,1,-1.82779e-07,0,0.212736,0.25,0.131311,1||
1,0,0,0,0,1,0,0,0,0,1,0,0,0,0,1|-0.890756,-1.64522e-06,0.454482,0,-0.454482,3.22453e-06,-0.890756,0,0,-1,-3.61999e-06,0,0,0,0,1|-0.890756,-1.64522e-06,0.454482,0,1.64522e-06,-1,-3.95463e-07,0,0.454482,3.95463e-07,0.890756,0,0,0,0,1|-0.890756,-1.64522e-06,0.454482,0,1.64522e-06,-1,-3.95463e-07,0,0.454482,3.95463e-07,0.890756,0,0.113621,9.88658e-08,0.222689,1|-0.890756,-1.64522e-06,0.454482,0,0.454482,4.01545e-06,0.890756,0,-3.29044e-06,1,-2.82906e-06,0,0.113621,9.88658e-08,0.222689,1|-0.890756,-1.64522e-06,0.454482,0,0.454482,4.01545e-06,0.890756,0,-3.29044e-06,1,-2.82906e-06,0,0.11362,0.25,0.222688,1||
1,0,0,0,0,1,0,0,0,0,1,0,0,0,0,1|-0.890756,-1.64522e-06,0.454482,0,-0.454482,3.22453e-06,-0.890756,0,0,-1,-3.61999e-06,0,0,0,0,1|-0.808174,-0.420505,0.412347,0,0.374567,-0.90729,-0.191112,0,0.454482,3.95463e-07,0.890756,0,0,0,0,1|-0.808174,-0.420505,0.412347,0,0.374567,-0.90729,-0.191112,0,0.454482,3.95463e-07,0.890756,0,0.113621,9.88658e-08,0.222689,1|-0.808174,-0.420505,0.412347,0,0.454481,3.67984e-06,0.890756,0,-0.374569,0.90729,0.191108,0,0.113621,9.88658e-08,0.222689,1|-0.808174,-0.420505,0.412347,0,0.454481,3.67984e-06,0.890756,0,-0.374569,0.90729,0.191108,0,0.0199784,0.226823,0.270466,1||
1,0,0,0,0,1,0,0,0,0,1,0,0,0,0,1|-0.890756,-1.64522e-06,0.454482,0,-0.454482,3.22453e-06,-0.890756,0,0,-1,-3.61999e-06,0,0,0,0,1|-0.575741,-0.76304,0.293756,0,0.679682,-0.646352,-0.346788,0,0.454482,3.95463e-07,0.890756,0,0,0,0,1|-0.575741,-0.76304,0.293756,0,0.679682,-0.646352,-0.346788,0,0.454482,3.95463e-07,0.890756,0,0.113621,9.88658e-08,0.222689,1|-0.575741,-0.76304,0.293756,0,0.45448,2.73525e-06,0.890757,0,-0.679684,0.646352,0.346785,0,0.113621,9.88658e-08,0.222689,1|-0.575741,-0.76304,0.293756,0,0.45448,2.73525e-06,0.890757,0,-0.679684,0.646352,0.346785,0,-0.0563004,0.161588,0.309385,1||
1,0,0,0,0,1,0,0,0,0,1,0,0,0,0,1|-0.890756,-1.64522e-06,0.454482,0,-0.454482,3.22453e-06,-0.890756,0,0,-1,-3.61999e-06,0,0,0,0,1|-0.376821,-0.906113,0.192263,0,0.807125,-0.423036,-0.411812,0,0.454482,3.95463e-07,0.890756,0,0,0,0,1|-0.376821,-0.906113,0.192263,0,0.807125,-0.423036,-0.411812,0,0.454482,3.95463e-07,0.890756,0,0.113621,9.88658e-08,0.222689,1|-0.376821,-0.906113,0.192263,0,0.454479,1.92685e-06,0.890757,0,-0.807127,0.423036,0.411809,0,0.113621,9.88658e-08,0.222689,1|-0.376821,-0.906113,0.192263,0,0.454479,1.92685e-06,0.890757,0,-0.807127,0.423036,0.411809,0,-0.0881612,0.105759,0.325641,1||
1,0,0,0,0,1,0,0,0,0,1,0,0,0,0,1|-0.890756,-1.64522e-06,0.454482,0,-0.454482,3.22453e-06,-0.890756,0,0,-1,-3.61999e-06,0,0,0,0,1|0.405953,-0.890113,-0.207125,0,0.792873,0.455739,-0.404541,0,0.454482,3.95463e-07,0.890756,0,0,0,0,1|0.405953,-0.890113,-0.207125,0,0.792873,0.455739,-0.404541,0,0.454482,3.95463e-07,0.890756,0,0.113621,9.88658e-08,0.222689,1|0.405953,-0.890113,-0.207125,0,0.454479,-1.25431e-06,0.890757,0,-0.792875,-0.455739,0.404538,0,0.113621,9.88658e-08,0.222689,1|0.405953,-0.890113,-0.207125,0,0.454479,-1.25431e-06,0.890757,0,-0.792875,-0.455739,0.404538,0,-0.0845982,-0.113935,0.323823,1||
1,0,0,0,0,1,0,0,0,0,1,0,0,0,0,1|-0.890756,-1.64522e-06,0.454482,0,-0.454482,3.22453e-06,-0.890756,0,0,-1,-3.61999e-06,0,0,0,0,1|0.821272,-0.387203,-0.41903,0,0.344904,0.921994,-0.175977,0,0.454482,3.95463e-07,0.890756,0,0,0,0,1|0.821272,-0.387203,-0.41903,0,0.344904,0.921994,-0.175977,0,0.454482,3.95463e-07,0.890756,0,0.113621,9.88658e-08,0.222689,1|0.821272,-0.387203,-0.41903,0,0.454481,-2.94215e-06,0.890756,0,-0.344905,-0.921994,0.175974,0,0.113621,9.88658e-08,0.222689,1|0.821272,-0.387203,-0.41903,0,0.454481,-2.94215e-06,0.890756,0,-0.344905,-0.921994,0.175974,0,0.0273943,-0.230498,0.266683,1||
1,0,0,0,0,1,0,0,0,0,1,0,0,0,0,1|-0.890756,-1.64522e-06,0.454482,0,-0.454482,3.22453e-06,-0.890756,0,0,-1,-3.61999e-06,0,0,0,0,1|0.872213,0.202981,-0.445021,0,-0.180806,0.979183,0.0922507,0,0.454482,3.95463e-07,0.890756,0,0,0,0,1|0.872213,0.202981,-0.445021,0,-0.180806,0.979183,0.0922507,0,0.454482,3.95463e-07,0.890756,0,0.113621,9.88658e-08,0.222689,1|0.872212,0.20298,-0.445021,0,0.454483,-3.14917e-06,0.890755,0,0.180805,-0.979183,-0.0922539,0,0.113621,9.88658e-08,0.222689,1|0.872212,0.20298,-0.445021,0,0.454483,-3.14917e-06,0.890755,0,0.180805,-0.979183,-0.0922539,0,0.158822,-0.244796,0.199625,1||
1,0,0,0,0,1,0,0,0,0,1,0,0,0,0,1|-0.890756,-1.64522e-06,0.454482,0,-0.454482,3.22453e-06,-0.890756,0,0,-1,-3.61999e-06,0,0,0,0,1|0.872213,0.202981,-0.445021,0,-0.180806,0.979183,0.0922507,0,0.454482,3.95463e-07,0.890756,0,0,0,0,1|0.68449,0.639925,-0.349241,0,-0.570017,0.768437,0.290834,0,0.454482,3.95463e-07,0.890756,0,0.113621,9.88658e-08,0.222689,1|0.68449,0.639925,-0.349241,0,0.454484,-2.38627e-06,0.890755,0,0.570015,-0.768437,-0.290838,0,0.113621,9.88658e-08,0.222689,1|0.68449,0.639925,-0.349241,0,0.454484,-2.38627e-06,0.890755,0,0.570015,-0.768437,-0.290838,0,0.256124,-0.192109,0.14998,1||
1,0,0,0,0,1,0,0,0,0,1,0,0,0,0,1|-0.999481,1.16568e-07,-0.0322013,0,0.0322013,3.61811e-06,-0.999481,0,0,-1,-3.61999e-06,0,0,0,0,1|0.978675,0.202979,0.031531,0,-0.202873,0.979183,-0.00653618,0,-0.0322013,1.87742e-09,0.999481,0,0,0,0,1|0.76804,0.639924,0.0247447,0,-0.639592,0.768438,-0.0206064,0,-0.0322013,1.87742e-09,0.999481,0,-0.00805032,4.69356e-10,0.24987,1|0.76804,0.639924,0.0247447,0,-0.032199,-2.77986e-06,0.999481,0,0.639592,-0.768438,0.0206028,0,-0.00805032,4.69356e-10,0.24987,1|0.76804,0.639924,0.0247447,0,-0.032199,-2.77986e-06,0.999481,0,0.639592,-0.768438,0.0206028,0,0.151848,-0.19211,0.255021,1||
1,0,0,0,0,1,0,0,0,0,1,0,0,0,0,1|-0.805543,2.14498e-06,-0.592537,0,0.592537,2.91606e-06,-0.805543,0,0,-1,-3.61999e-06,0,0,0,0,1|0.788775,0.202977,0.580202,0,-0.163506,0.979183,-0.120272,0,-0.592537,7.0393e-07,0.805543,0,0,0,0,1|0.619012,0.639922,0.455328,0,-0.515485,0.76844,-0.379178,0,-0.592537,7.0393e-07,0.805543,0,-0.148134,1.75983e-07,0.201386,1|0.619012,0.639922,0.455328,0,-0.592535,-2.07781e-06,0.805545,0,0.515487,-0.76844,0.379175,0,-0.148134,1.75983e-07,0.201386,1|0.619012,0.639922,0.455328,0,-0.592535,-2.07781e-06,0.805545,0,0.515487,-0.76844,0.379175,0,-0.0192624,-0.19211,0.29618,1||
1,0,0,0,0,1,0,0,0,0,1,0,0,0,0,1|-0.380738,3.34734e-06,-0.924683,0,0.924683,1.37827e-06,-0.380738,0,0,-1,-3.61999e-06,0,0,0,0,1|0.372813,0.202976,0.905434,0,-0.0772785,0.979184,-0.187689,0,-0.924683,2.24172e-06,0.380738,0,0,0,0,1|0.292576,0.639921,0.710563,0,-0.243641,0.76844,-0.591725,0,-0.924683,2.24172e-06,0.380738,0,-0.231171,5.6043e-07,0.0951845,1|0.292576,0.639921,0.710563,0,-0.924682,-5.40025e-07,0.38074,0,0.243644,-0.76844,0.591724,0,-0.231171,5.6043e-07,0.0951845,1|0.292576,0.639921,0.710563,0,-0.924682,-5.40025e-07,0.38074,0,0.243644,-0.76844,0.591724,0,-0.17026,-0.19211,0.243115,1||
0.416684,0.909051,0,0,-0.909051,0.416684,0,0,0,0,1,0,0,0,0,1|-0.158651,-0.346109,-0.924683,0,0.3853,0.840585,-0.380738,0,0.909051,-0.416684,-3.61999e-06,0,0,0,0,1|-0.0291699,0.423483,0.905434,0,-0.922329,0.33776,-0.187689,0,-0.385303,-0.840583,0.380738,0,0,0,0,1|-0.459809,0.532612,0.710563,0,-0.800073,0.0987151,-0.591725,0,-0.385303,-0.840583,0.380738,0,-0.0963257,-0.210146,0.0951845,1|-0.459809,0.532612,0.710563,0,-0.3853,-0.840584,0.38074,0,0.800074,-0.0987121,0.591724,0,-0.0963257,-0.210146,0.0951845,1|-0.459809,0.532612,0.710563,0,-0.3853,-0.840584,0.38074,0,0.800074,-0.0987121,0.591724,0,0.103693,-0.234824,0.243115,1||
-0.516879,0.856059,0,0,-0.856059,-0.516879,0,0,0,0,1,0,0,0,0,1|0.196793,-0.325936,-0.924683,0,-0.47795,0.791582,-0.380738,0,0.856059,0.516879,-3.61999e-06,0,0,0,0,1|-0.366458,0.214236,0.905434,0,-0.798295,-0.572274,-0.187689,0,0.477947,-0.791584,0.380738,0,0,0,0,1|-0.699036,-0.0802996,0.710563,0,-0.531897,-0.605761,-0.591725,0,0.477947,-0.791584,0.380738,0,0.119487,-0.197896,0.0951845,1|-0.699036,-0.0802996,0.710563,0,0.477949,-0.791582,0.38074,0,0.531896,0.605764,0.591724,0,0.119487,-0.197896,0.0951845,1|-0.699036,-0.0802996,0.710563,0,0.477949,-0.791582,0.38074,0,0.531896,0.605764,0.591724,0,0.252461,-0.0464549,0.243115,1||
-0.929921,0.367759,0,0,-0.367759,-0.929921,0,0,0,0,1,0,0,0,0,1|0.354055,-0.140023,-0.924683,0,-0.859883,0.340059,-0.380738,0,0.367759,0.929921,-3.61999e-06,0,0,0,0,1|-0.421333,-0.0516459,0.905434,0,-0.288241,-0.938983,-0.187689,0,0.859881,-0.340063,0.380738,0,0,0,0,1|-0.507409,-0.487479,0.710563,0,-0.0560343,-0.80419,-0.591725,0,0.859881,-0.340063,0.380738,0,0.21497,-0.0850157,0.0951845,1|-0.507409,-0.487479,0.710563,0,0.859881,-0.34006,0.38074,0,0.0560312,0.804191,0.591724,0,0.21497,-0.0850157,0.0951845,1|-0.507409,-0.487479,0.710563,0,0.859881,-0.34006,0.38074,0,0.0560312,0.804191,0.591724,0,0.228978,0.116032,0.243115,1||
=======
0.867819,0.49688,0,0,-0.49688,0.867819,0,0,0,0,1,0,0,0,0,1|-1.3428e-06,-4.9402e-06,1,0,-0.867819,-0.49688,-3.61999e-06,0,0.49688,-0.867819,-3.61999e-06,0,0,0,0,1|-1.3428e-06,-4.9402e-06,1,0,0.496883,-0.867817,-3.61998e-06,0,0.867817,0.496883,3.62e-06,0,0,0,0,1|-1.3428e-06,-4.9402e-06,1,0,0.496883,-0.867817,-3.61998e-06,0,0.867817,0.496883,3.62e-06,0,0.216954,0.124221,9.05001e-07,1|-1.3428e-06,-4.9402e-06,1,0,0.867815,0.496886,3.62002e-06,0,-0.496886,0.867815,3.61996e-06,0,0.216954,0.124221,9.05001e-07,1|-1.3428e-06,-4.9402e-06,1,0,0.867815,0.496886,3.62002e-06,0,-0.496886,0.867815,3.61996e-06,0,0.0927327,0.341175,1.80999e-06,1||
0.380925,0.924606,0,0,-0.924606,0.380925,0,0,0,0,1,0,0,0,0,1|1.96812e-06,-4.72601e-06,1,0,-0.380925,-0.924606,-3.61999e-06,0,0.924606,-0.380925,-3.61999e-06,0,0,0,0,1|1.96812e-06,-4.72601e-06,1,0,0.924607,-0.380922,-3.61998e-06,0,0.380922,0.924607,3.62e-06,0,0,0,0,1|1.96812e-06,-4.72601e-06,1,0,0.924607,-0.380922,-3.61998e-06,0,0.380922,0.924607,3.62e-06,0,0.0952305,0.231152,9.05001e-07,1|1.96812e-06,-4.72601e-06,1,0,0.380919,0.924608,3.62002e-06,0,-0.924608,0.380919,3.61996e-06,0,0.0952305,0.231152,9.05001e-07,1|1.96812e-06,-4.72601e-06,1,0,0.380919,0.924608,3.62002e-06,0,-0.924608,0.380919,3.61996e-06,0,-0.135922,0.326381,1.80999e-06,1||
0.380925,0.924606,0,0,-0.924606,0.380925,0,0,0,0,1,0,0,0,0,1|-0.245397,-0.595651,0.76484,0,-0.291349,-0.707174,-0.64422,0,0.924606,-0.380925,-3.61999e-06,0,0,0,0,1|-0.245397,-0.595651,0.76484,0,0.924607,-0.380923,-1.28792e-06,0,0.291346,0.707176,0.64422,0,0,0,0,1|-0.245397,-0.595651,0.76484,0,0.924607,-0.380923,-1.28792e-06,0,0.291346,0.707176,0.64422,0,0.0728364,0.176794,0.161055,1|-0.245397,-0.595651,0.76484,0,0.291342,0.707177,0.64422,0,-0.924608,0.38092,-1.04415e-06,0,0.0728364,0.176794,0.161055,1|-0.245397,-0.595651,0.76484,0,0.291342,0.707177,0.64422,0,-0.924608,0.38092,-1.04415e-06,0,-0.158316,0.272024,0.161055,1||
0.380925,0.924606,0,0,-0.924606,0.380925,0,0,0,0,1,0,0,0,0,1|-0.245397,-0.595651,0.76484,0,-0.291349,-0.707174,-0.64422,0,0.924606,-0.380925,-3.61999e-06,0,0,0,0,1|0.390572,-0.702683,0.594718,0,0.873253,0.0783459,-0.480927,0,0.291346,0.707176,0.64422,0,0,0,0,1|0.390572,-0.702683,0.594718,0,0.873253,0.0783459,-0.480927,0,0.291346,0.707176,0.64422,0,0.0728364,0.176794,0.161055,1|0.390572,-0.702683,0.594718,0,0.291342,0.707175,0.644222,0,-0.873254,-0.0783485,0.480925,0,0.0728364,0.176794,0.161055,1|0.390572,-0.702683,0.594718,0,0.291342,0.707175,0.644222,0,-0.873254,-0.0783485,0.480925,0,-0.145477,0.157207,0.281286,1||
0.380925,0.924606,0,0,-0.924606,0.380925,0,0,0,0,1,0,0,0,0,1|-0.245397,-0.595651,0.76484,0,-0.291349,-0.707174,-0.64422,0,0.924606,-0.380925,-3.61999e-06,0,0,0,0,1|0.945844,-0.313736,-0.0833579,0,0.143167,0.633618,-0.760284,0,0.291346,0.707176,0.64422,0,0,0,0,1|0.945844,-0.313736,-0.0833579,0,0.143167,0.633618,-0.760284,0,0.291346,0.707176,0.64422,0,0.0728364,0.176794,0.161055,1|0.945844,-0.313736,-0.0833579,0,0.291345,0.707174,0.644223,0,-0.143168,-0.633621,0.760281,0,0.0728364,0.176794,0.161055,1|0.945844,-0.313736,-0.0833579,0,0.291345,0.707174,0.644223,0,-0.143168,-0.633621,0.760281,0,0.0370445,0.0183888,0.351125,1||
0.380925,0.924606,0,0,-0.924606,0.380925,0,0,0,0,1,0,0,0,0,1|-0.380763,-0.924211,-0.0292022,0,0.0111205,0.0270019,-0.999574,0,0.924606,-0.380925,-3.61999e-06,0,0,0,0,1|0.960596,-0.27793,0.00318262,0,0.277726,0.960221,0.0290283,0,-0.0111239,-0.0270005,0.999574,0,0,0,0,1|0.960596,-0.27793,0.00318262,0,0.277726,0.960221,0.0290283,0,-0.0111239,-0.0270005,0.999574,0,-0.00278097,-0.00675013,0.249893,1|0.960596,-0.27793,0.00318262,0,-0.0111249,-0.027004,0.999573,0,-0.277726,-0.960221,-0.0290319,0,-0.00278097,-0.00675013,0.249893,1|0.960596,-0.27793,0.00318262,0,-0.0111249,-0.027004,0.999573,0,-0.277726,-0.960221,-0.0290319,0,-0.0722125,-0.246805,0.242635,1||
-0.666275,0.745706,0,0,-0.745706,-0.666275,0,0,0,0,1,0,0,0,0,1|0.665991,-0.745388,-0.0292022,0,-0.0194594,0.0217739,-0.999574,0,0.745706,0.666275,-3.61999e-06,0,0,0,0,1|0.668681,0.743543,0.00318262,0,-0.743295,0.668334,0.0290283,0,0.0194567,-0.0217763,0.999574,0,0,0,0,1|0.668681,0.743543,0.00318262,0,-0.743295,0.668334,0.0290283,0,0.0194567,-0.0217763,0.999574,0,0.00486417,-0.00544407,0.249893,1|0.668681,0.743543,0.00318262,0,0.0194594,-0.0217787,0.999573,0,0.743295,-0.668333,-0.0290319,0,0.00486417,-0.00544407,0.249893,1|0.668681,0.743543,0.00318262,0,0.0194594,-0.0217787,0.999573,0,0.743295,-0.668333,-0.0290319,0,0.190688,-0.172527,0.242635,1||
-0.990437,-0.137963,0,0,0.137963,-0.990437,0,0,0,0,1,0,0,0,0,1|0.990015,0.137905,-0.0292022,0,-0.0289225,-0.00403242,-0.999573,0,-0.137963,0.990437,-3.61999e-06,0,0,0,0,1|-0.245039,0.969508,0.00318262,0,-0.969082,-0.245027,0.0290283,0,0.028923,0.00402884,0.999573,0,0,0,0,1|-0.245039,0.969508,0.00318262,0,-0.969082,-0.245027,0.0290283,0,0.028923,0.00402884,0.999573,0,0.00723074,0.00100721,0.249893,1|-0.245039,0.969508,0.00318262,0,0.0289265,0.00402972,0.999573,0,0.969081,0.245027,-0.0290319,0,0.00723074,0.00100721,0.249893,1|-0.245039,0.969508,0.00318262,0,0.0289265,0.00402972,0.999573,0,0.969081,0.245027,-0.0290319,0,0.249501,0.0622639,0.242635,1||
-0.990437,-0.137963,0,0,0.137963,-0.990437,0,0,0,0,1,0,0,0,0,1|0.608498,0.0847581,-0.789016,0,-0.781471,-0.108858,-0.614373,0,-0.137963,0.990437,-3.61999e-06,0,0,0,0,1|-0.203456,0.975301,0.0859901,0,-0.589838,-0.192197,0.784316,0,0.781471,0.108854,0.614373,0,0,0,0,1|-0.203456,0.975301,0.0859901,0,-0.589838,-0.192197,0.784316,0,0.781471,0.108854,0.614373,0,0.195368,0.0272135,0.153593,1|-0.203456,0.975301,0.0859901,0,0.781473,0.108855,0.61437,0,0.589835,0.192196,-0.784318,0,0.195368,0.0272135,0.153593,1|-0.203456,0.975301,0.0859901,0,0.781473,0.108855,0.61437,0,0.589835,0.192196,-0.784318,0,0.342826,0.0752626,-0.0424864,1||
-0.990437,-0.137963,0,0,0.137963,-0.990437,0,0,0,0,1,0,0,0,0,1|-0.175766,-0.024487,-0.984127,0,-0.974716,-0.135773,0.177464,0,-0.137963,0.990437,-3.61999e-06,0,0,0,0,1|-0.117982,0.987207,0.107252,0,0.189755,-0.0836024,0.978266,0,0.974717,0.135769,-0.177464,0,0,0,0,1|-0.117982,0.987207,0.107252,0,0.189755,-0.0836024,0.978266,0,0.974717,0.135769,-0.177464,0,0.243679,0.0339423,-0.0443659,1|-0.117982,0.987207,0.107252,0,0.974716,0.13577,-0.177467,0,-0.189758,0.083602,-0.978265,0,0.243679,0.0339423,-0.0443659,1|-0.117982,0.987207,0.107252,0,0.974716,0.13577,-0.177467,0,-0.189758,0.083602,-0.978265,0,0.19624,0.0548428,-0.288932,1||
-0.990437,-0.137963,0,0,0.137963,-0.990437,0,0,0,0,1,0,0,0,0,1|-0.810452,-0.112894,-0.574823,0,-0.569327,-0.0793017,0.818277,0,-0.137963,0.990437,-3.61999e-06,0,0,0,0,1|-0.0488119,0.996842,0.062641,0,0.82066,0.00427837,0.5714,0,0.569328,0.0792981,-0.818277,0,0,0,0,1|-0.0488119,0.996842,0.062641,0,0.82066,0.00427837,0.5714,0,0.569328,0.0792981,-0.818277,0,0.142332,0.0198245,-0.204569,1|-0.0488119,0.996842,0.062641,0,0.569325,0.0792981,-0.818279,0,-0.820662,-0.00427866,-0.571397,0,0.142332,0.0198245,-0.204569,1|-0.0488119,0.996842,0.062641,0,0.569325,0.0792981,-0.818279,0,-0.820662,-0.00427866,-0.571397,0,-0.0628337,0.0187549,-0.347419,1||
-0.990437,-0.137963,0,0,0.137963,-0.990437,0,0,0,0,1,0,0,0,0,1|-0.973058,-0.135542,0.186512,0,0.184728,0.0257354,0.982453,0,-0.137963,0.990437,-3.61999e-06,0,0,0,0,1|-0.0310929,0.99931,-0.0203343,0,0.982298,0.0267909,-0.1854,0,-0.184728,-0.025739,-0.982453,0,0,0,0,1|-0.0310929,0.99931,-0.0203343,0,0.982298,0.0267909,-0.1854,0,-0.184728,-0.025739,-0.982453,0,-0.0461819,-0.00643474,-0.245613,1|-0.0310929,0.99931,-0.0203343,0,-0.184731,-0.0257391,-0.982452,0,-0.982297,-0.0267908,0.185404,0,-0.0461819,-0.00643474,-0.245613,1|-0.0310929,0.99931,-0.0203343,0,-0.184731,-0.0257391,-0.982452,0,-0.982297,-0.0267908,0.185404,0,-0.291756,-0.0131325,-0.199262,1||
-0.990437,-0.137963,0,0,0.137963,-0.990437,0,0,0,0,1,0,0,0,0,1|-0.494865,-0.0689293,0.866232,0,0.857948,0.11951,0.499643,0,-0.137963,0.990437,-3.61999e-06,0,0,0,0,1|-0.0832115,0.99205,-0.0944123,0,0.506954,-0.0394248,-0.861071,0,-0.857947,-0.119514,-0.499643,0,0,0,0,1|-0.0832115,0.99205,-0.0944123,0,0.506954,-0.0394248,-0.861071,0,-0.857947,-0.119514,-0.499643,0,-0.214487,-0.0298784,-0.124911,1|-0.0832115,0.992049,-0.0944123,0,-0.857949,-0.119514,-0.49964,0,-0.506951,0.0394252,0.861073,0,-0.214487,-0.0298784,-0.124911,1|-0.0832115,0.992049,-0.0944123,0,-0.857949,-0.119514,-0.49964,0,-0.506951,0.0394252,0.861073,0,-0.341225,-0.0200221,0.0903575,1||
-0.990437,-0.137963,0,0,0.137963,-0.990437,0,0,0,0,1,0,0,0,0,1|-0.494865,-0.0689293,0.866232,0,0.857948,0.11951,0.499643,0,-0.137963,0.990437,-3.61999e-06,0,0,0,0,1|0.198785,0.819577,-0.53738,0,0.47372,-0.560365,-0.679396,0,-0.857947,-0.119514,-0.499643,0,0,0,0,1|0.198785,0.819577,-0.53738,0,0.47372,-0.560365,-0.679396,0,-0.857947,-0.119514,-0.499643,0,-0.214487,-0.0298784,-0.124911,1|0.198785,0.819577,-0.53738,0,-0.857949,-0.119512,-0.49964,0,-0.473717,0.560366,0.679398,0,-0.214487,-0.0298784,-0.124911,1|0.198785,0.819577,-0.53738,0,-0.857949,-0.119512,-0.49964,0,-0.473717,0.560366,0.679398,0,-0.332916,0.110213,0.0449389,1||
-0.990437,-0.137963,0,0,0.137963,-0.990437,0,0,0,0,1,0,0,0,0,1|-0.494865,-0.0689293,0.866232,0,0.857948,0.11951,0.499643,0,-0.137963,0.990437,-3.61999e-06,0,0,0,0,1|0.511816,-0.282877,-0.811187,0,-0.0443894,-0.951681,0.303862,0,-0.857947,-0.119514,-0.499643,0,0,0,0,1|0.511816,-0.282877,-0.811187,0,-0.0443894,-0.951681,0.303862,0,-0.857947,-0.119514,-0.499643,0,-0.214487,-0.0298784,-0.124911,1|0.511816,-0.282877,-0.811187,0,-0.857947,-0.11951,-0.499644,0,0.0443925,0.951682,-0.303861,0,-0.214487,-0.0298784,-0.124911,1|0.511816,-0.282877,-0.811187,0,-0.857947,-0.11951,-0.499644,0,0.0443925,0.951682,-0.303861,0,-0.203389,0.208042,-0.200876,1||
-0.990437,-0.137963,0,0,0.137963,-0.990437,0,0,0,0,1,0,0,0,0,1|-0.494865,-0.0689293,0.866232,0,0.857948,0.11951,0.499643,0,-0.137963,0.990437,-3.61999e-06,0,0,0,0,1|0.308564,-0.897472,-0.315169,0,-0.410749,-0.42457,0.806862,0,-0.857947,-0.119514,-0.499643,0,0,0,0,1|0.308564,-0.897472,-0.315169,0,-0.410749,-0.42457,0.806862,0,-0.857947,-0.119514,-0.499643,0,-0.214487,-0.0298784,-0.124911,1|0.308564,-0.897472,-0.315169,0,-0.857946,-0.119512,-0.499646,0,0.410752,0.424571,-0.80686,0,-0.214487,-0.0298784,-0.124911,1|0.308564,-0.897472,-0.315169,0,-0.857946,-0.119512,-0.499646,0,0.410752,0.424571,-0.80686,0,-0.111799,0.0762642,-0.326626,1||
-0.990437,-0.137963,0,0,0.137963,-0.990437,0,0,0,0,1,0,0,0,0,1|-0.494865,-0.0689293,0.866232,0,0.857948,0.11951,0.499643,0,-0.137963,0.990437,-3.61999e-06,0,0,0,0,1|-0.119977,-0.899059,0.421069,0,-0.499532,0.421201,0.757006,0,-0.857947,-0.119514,-0.499643,0,0,0,0,1|-0.119977,-0.899059,0.421069,0,-0.499532,0.421201,0.757006,0,-0.857947,-0.119514,-0.499643,0,-0.214487,-0.0298784,-0.124911,1|-0.119977,-0.899059,0.421069,0,-0.857946,-0.119515,-0.499646,0,0.499535,-0.4212,-0.757004,0,-0.214487,-0.0298784,-0.124911,1|-0.119977,-0.899059,0.421069,0,-0.857946,-0.119515,-0.499646,0,0.499535,-0.4212,-0.757004,0,-0.0896031,-0.135179,-0.314162,1||
-0.990437,-0.137963,0,0,0.137963,-0.990437,0,0,0,0,1,0,0,0,0,1|-0.494865,-0.0689293,0.866232,0,0.857948,0.11951,0.499643,0,-0.137963,0.990437,-3.61999e-06,0,0,0,0,1|-0.436604,-0.342932,0.83173,0,-0.270747,0.931727,0.242037,0,-0.857947,-0.119514,-0.499643,0,0,0,0,1|-0.436604,-0.342932,0.83173,0,-0.270747,0.931727,0.242037,0,-0.857947,-0.119514,-0.499643,0,-0.214487,-0.0298784,-0.124911,1|-0.436604,-0.342932,0.83173,0,-0.857946,-0.119517,-0.499644,0,0.27075,-0.931726,-0.242035,0,-0.214487,-0.0298784,-0.124911,1|-0.436604,-0.342932,0.83173,0,-0.857946,-0.119517,-0.499644,0,0.27075,-0.931726,-0.242035,0,-0.146799,-0.26281,-0.18542,1||
-0.990437,-0.137963,0,0,0.137963,-0.990437,0,0,0,0,1,0,0,0,0,1|0.400977,0.0558576,0.914384,0,0.90564,0.12615,-0.404849,0,-0.137963,0.990437,-3.61999e-06,0,0,0,0,1|0.4224,-0.184283,0.887478,0,-0.0373518,0.974743,0.220182,0,-0.905639,-0.126154,0.404849,0,0,0,0,1|0.4224,-0.184283,0.887478,0,-0.0373518,0.974743,0.220182,0,-0.905639,-0.126154,0.404849,0,-0.22641,-0.0315384,0.101212,1|0.4224,-0.184283,0.887478,0,-0.905639,-0.126157,0.404848,0,0.0373551,-0.974743,-0.220183,0,-0.22641,-0.0315384,0.101212,1|0.4224,-0.184283,0.887478,0,-0.905639,-0.126157,0.404848,0,0.0373551,-0.974743,-0.220183,0,-0.217071,-0.275224,0.0461664,1||
-0.990437,-0.137963,0,0,0.137963,-0.990437,0,0,0,0,1,0,0,0,0,1|0.921977,0.128429,0.365327,0,0.361834,0.0503985,-0.930879,0,-0.137963,0.990437,-3.61999e-06,0,0,0,0,1|0.92807,-0.113848,0.354577,0,0.0881071,0.992219,0.0879706,0,-0.361834,-0.0504021,0.930879,0,0,0,0,1|0.92807,-0.113848,0.354577,0,0.0881071,0.992219,0.0879706,0,-0.361834,-0.0504021,0.930879,0,-0.0904584,-0.0126005,0.23272,1|0.92807,-0.113848,0.354577,0,-0.361834,-0.0504056,0.930879,0,-0.0881058,-0.992219,-0.0879739,0,-0.0904584,-0.0126005,0.23272,1|0.92807,-0.113848,0.354577,0,-0.361834,-0.0504056,0.930879,0,-0.0881058,-0.992219,-0.0879739,0,-0.112485,-0.260655,0.210726,1||
-0.607089,-0.794634,0,0,0.794634,-0.607089,0,0,0,0,1,0,0,0,0,1|0.573542,0.750726,0.32781,0,0.199012,0.260487,-0.944744,0,-0.794634,0.607089,-3.61999e-06,0,0,0,0,1|0.748014,0.582449,0.318164,0,-0.633143,0.769999,0.0789364,0,-0.199009,-0.260489,0.944744,0,0,0,0,1|0.748014,0.582449,0.318164,0,-0.633143,0.769999,0.0789364,0,-0.199009,-0.260489,0.944744,0,-0.0497524,-0.0651222,0.236186,1|0.748014,0.582449,0.318164,0,-0.199007,-0.260492,0.944743,0,0.633144,-0.769998,-0.0789399,0,-0.0497524,-0.0651222,0.236186,1|0.748014,0.582449,0.318164,0,-0.199007,-0.260492,0.944743,0,0.633144,-0.769998,-0.0789399,0,0.108534,-0.257622,0.216451,1||
-0.591076,-0.806616,0,0,0.806616,-0.591076,0,0,0,0,1,0,0,0,0,1|0.559942,0.764127,-0.320275,0,-0.189304,-0.258341,-0.947325,0,-0.806616,0.591076,-3.61999e-06,0,0,0,0,1|0.737698,0.599311,-0.31085,0,-0.648046,0.757686,-0.0771223,0,0.189307,0.258338,0.947325,0,0,0,0,1|0.737698,0.599311,-0.31085,0,-0.648046,0.757686,-0.0771223,0,0.189307,0.258338,0.947325,0,0.0473267,0.0645846,0.236831,1|0.737698,0.599311,-0.31085,0,0.189309,0.258336,0.947325,0,0.648046,-0.757687,0.0771189,0,0.0473267,0.0645846,0.236831,1|0.737698,0.599311,-0.31085,0,0.189309,0.258336,0.947325,0,0.648046,-0.757687,0.0771189,0,0.209338,-0.124837,0.256111,1||
-0.591076,-0.806616,0,0,0.806616,-0.591076,0,0,0,0,1,0,0,0,0,1|0.0382483,0.0521898,-0.997904,0,-0.589837,-0.804926,-0.0647048,0,-0.806616,0.591076,-3.61999e-06,0,0,0,0,1|0.231356,-0.0916777,-0.96854,0,-0.773669,0.586253,-0.240299,0,0.58984,0.804924,0.0647048,0,0,0,0,1|0.231356,-0.0916777,-0.96854,0,-0.773669,0.586253,-0.240299,0,0.58984,0.804924,0.0647048,0,0.14746,0.201231,0.0161762,1|0.231356,-0.0916777,-0.96854,0,0.589843,0.804922,0.0647056,0,0.773667,-0.586256,0.240299,0,0.14746,0.201231,0.0161762,1|0.231356,-0.0916777,-0.96854,0,0.589843,0.804922,0.0647056,0,0.773667,-0.586256,0.240299,0,0.340877,0.0546668,0.0762508,1||
-0.591076,-0.806616,0,0,0.806616,-0.591076,0,0,0,0,1,0,0,0,0,1|0.0382483,0.0521898,-0.997904,0,-0.589837,-0.804926,-0.0647048,0,-0.806616,0.591076,-3.61999e-06,0,0,0,0,1|-0.448888,0.393435,-0.802314,0,-0.671259,0.444192,0.593384,0,0.58984,0.804924,0.0647048,0,0,0,0,1|-0.448888,0.393435,-0.802314,0,-0.671259,0.444192,0.593384,0,0.58984,0.804924,0.0647048,0,0.14746,0.201231,0.0161762,1|-0.448888,0.393435,-0.802314,0,0.589842,0.804922,0.0647026,0,0.671257,-0.444195,-0.593384,0,0.14746,0.201231,0.0161762,1|-0.448888,0.393435,-0.802314,0,0.589842,0.804922,0.0647026,0,0.671257,-0.444195,-0.593384,0,0.315274,0.0901822,-0.13217,1||
-0.591076,-0.806616,0,0,0.806616,-0.591076,0,0,0,0,1,0,0,0,0,1|0.0382483,0.0521898,-0.997904,0,-0.589837,-0.804926,-0.0647048,0,-0.806616,0.591076,-3.61999e-06,0,0,0,0,1|-0.805025,0.579833,0.125412,0,0.0634289,-0.126062,0.989992,0,0.58984,0.804924,0.0647048,0,0,0,0,1|-0.805025,0.579833,0.125412,0,0.0634289,-0.126062,0.989992,0,0.58984,0.804924,0.0647048,0,0.14746,0.201231,0.0161762,1|-0.805025,0.579833,0.125412,0,0.58984,0.804924,0.0647012,0,-0.0634311,0.126059,-0.989993,0,0.14746,0.201231,0.0161762,1|-0.805025,0.579833,0.125412,0,0.58984,0.804924,0.0647012,0,-0.0634311,0.126059,-0.989993,0,0.131602,0.232746,-0.231322,1||
-0.591076,-0.806616,0,0,0.806616,-0.591076,0,0,0,0,1,0,0,0,0,1|-0.453777,-0.619255,-0.640788,0,-0.378757,-0.516869,0.767717,0,-0.806616,0.591076,-3.61999e-06,0,0,0,0,1|-0.720538,0.685283,0.105884,0,0.580832,0.513065,0.63198,0,0.37876,0.516866,-0.767717,0,0,0,0,1|-0.720538,0.685283,0.105884,0,0.580832,0.513065,0.63198,0,0.37876,0.516866,-0.767717,0,0.0946899,0.129217,-0.191929,1|-0.720538,0.685283,0.105884,0,0.378758,0.516865,-0.76772,0,-0.580833,-0.513067,-0.631977,0,0.0946899,0.129217,-0.191929,1|-0.720538,0.685283,0.105884,0,0.378758,0.516865,-0.76772,0,-0.580833,-0.513067,-0.631977,0,-0.0505185,0.000949949,-0.349924,1||
0.264425,-0.964406,0,0,0.964406,0.264425,0,0,0,0,1,0,0,0,0,1|0.212801,-0.776116,-0.593599,0,0.156959,-0.572471,0.804761,0,-0.964406,-0.264425,-3.61999e-06,0,0,0,0,1|-0.986313,-0.132533,0.0980861,0,-0.0505061,0.809142,0.585439,0,-0.156956,0.572472,-0.804761,0,0,0,0,1|-0.986313,-0.132533,0.0980861,0,-0.0505061,0.809142,0.585439,0,-0.156956,0.572472,-0.804761,0,-0.039239,0.143118,-0.20119,1|-0.986313,-0.132533,0.0980861,0,-0.156956,0.572469,-0.804763,0,0.0505067,-0.809144,-0.585436,0,-0.039239,0.143118,-0.20119,1|-0.986313,-0.132533,0.0980861,0,-0.156956,0.572469,-0.804763,0,0.0505067,-0.809144,-0.585436,0,-0.0266123,-0.0591679,-0.347549,1||
0.885517,-0.464606,0,0,0.464606,0.885517,0,0,0,0,1,0,0,0,0,1|0.712631,-0.373895,-0.593599,0,0.525641,-0.275792,0.804761,0,-0.464606,-0.885517,-3.61999e-06,0,0,0,0,1|-0.575983,-0.811556,0.0980861,0,-0.626057,0.515087,0.585439,0,-0.525639,0.275796,-0.804761,0,0,0,0,1|-0.575983,-0.811556,0.0980861,0,-0.626057,0.515087,0.585439,0,-0.525639,0.275796,-0.804761,0,-0.13141,0.0689489,-0.20119,1|-0.575983,-0.811556,0.0980861,0,-0.525637,0.275794,-0.804763,0,0.626058,-0.515088,-0.585436,0,-0.13141,0.0689489,-0.20119,1|-0.575983,-0.811556,0.0980861,0,-0.525637,0.275794,-0.804763,0,0.626058,-0.515088,-0.585436,0,0.0251049,-0.0598231,-0.347549,1||
0.885517,-0.464606,0,0,0.464606,0.885517,0,0,0,0,1,0,0,0,0,1|0.873564,-0.458335,0.163754,0,-0.145009,0.076078,0.986501,0,-0.464606,-0.885517,-3.61999e-06,0,0,0,0,1|-0.968904,0.191113,-0.157162,0,0.200489,0.978616,-0.0459958,0,0.14501,-0.0760748,-0.986501,0,0,0,0,1|-0.968904,0.191113,-0.157162,0,0.200489,0.978616,-0.0459958,0,0.14501,-0.0760748,-0.986501,0,0.0362526,-0.0190187,-0.246625,1|-0.968904,0.191113,-0.157162,0,0.14501,-0.0760783,-0.986501,0,-0.20049,-0.978615,0.0459994,0,0.0362526,-0.0190187,-0.246625,1|-0.968904,0.191113,-0.157162,0,0.14501,-0.0760783,-0.986501,0,-0.20049,-0.978615,0.0459994,0,-0.0138699,-0.263673,-0.235125,1||
0.885517,-0.464606,0,0,0.464606,0.885517,0,0,0,0,1,0,0,0,0,1|0.873564,-0.458335,0.163754,0,-0.145009,0.076078,0.986501,0,-0.464606,-0.885517,-3.61999e-06,0,0,0,0,1|-0.949783,0.268709,-0.160335,0,0.277279,0.960212,-0.0332889,0,0.14501,-0.0760748,-0.986501,0,0,0,0,1|-0.86638,0.471779,-0.163735,0,0.477867,0.878429,0.00250324,0,0.14501,-0.0760748,-0.986501,0,0.0362526,-0.0190187,-0.246625,1|-0.86638,0.471779,-0.163735,0,0.145009,-0.076078,-0.986501,0,-0.477868,-0.878428,-0.00249967,0,0.0362526,-0.0190187,-0.246625,1|-0.86638,0.471779,-0.163735,0,0.145009,-0.076078,-0.986501,0,-0.477868,-0.878428,-0.00249967,0,-0.0832143,-0.238626,-0.24725,1||
0.885517,-0.464606,0,0,0.464606,0.885517,0,0,0,0,1,0,0,0,0,1|0.873564,-0.458335,0.163754,0,-0.145009,0.076078,0.986501,0,-0.464606,-0.885517,-3.61999e-06,0,0,0,0,1|-0.445214,0.885383,-0.133721,0,0.883604,0.458595,0.0945202,0,0.14501,-0.0760748,-0.986501,0,0,0,0,1|0.247921,0.968027,-0.0382071,0,0.957866,-0.239034,0.159234,0,0.14501,-0.0760748,-0.986501,0,0.0362526,-0.0190187,-0.246625,1|0.247921,0.968027,-0.0382071,0,0.145007,-0.0760739,-0.986502,0,-0.957866,0.239034,-0.159231,0,0.0362526,-0.0190187,-0.246625,1|0.247921,0.968027,-0.0382071,0,0.145007,-0.0760739,-0.986502,0,-0.957866,0.239034,-0.159231,0,-0.203214,0.0407398,-0.286433,1||
0.885517,-0.464606,0,0,0.464606,0.885517,0,0,0,0,1,0,0,0,0,1|0.873564,-0.458335,0.163754,0,-0.145009,0.076078,0.986501,0,-0.464606,-0.885517,-3.61999e-06,0,0,0,0,1|-0.18368,0.977639,-0.102391,0,0.972231,0.196048,0.127794,0,0.14501,-0.0760748,-0.986501,0,0,0,0,1|0.989427,0.00867963,0.144771,0,-0.00245109,-0.997064,0.0765291,0,0.14501,-0.0760748,-0.986501,0,0.0362526,-0.0190187,-0.246625,1|0.989427,0.00867963,0.144771,0,0.14501,-0.0760712,-0.986502,0,0.00245057,0.997065,-0.0765255,0,0.0362526,-0.0190187,-0.246625,1|0.989427,0.00867963,0.144771,0,0.14501,-0.0760712,-0.986502,0,0.00245057,0.997065,-0.0765255,0,0.0368652,0.230247,-0.265757,1||
0.885517,-0.464606,0,0,0.464606,0.885517,0,0,0,0,1,0,0,0,0,1|0.873564,-0.458335,0.163754,0,-0.145009,0.076078,0.986501,0,-0.464606,-0.885517,-3.61999e-06,0,0,0,0,1|-0.18368,0.977639,-0.102391,0,0.972231,0.196048,0.127794,0,0.14501,-0.0760748,-0.986501,0,0,0,0,1|0.984239,-0.090904,0.151688,0,-0.101217,-0.99295,0.0616937,0,0.14501,-0.0760748,-0.986501,0,0.0362526,-0.0190187,-0.246625,1|0.984239,-0.090904,0.151688,0,0.145011,-0.0760712,-0.986501,0,0.101216,0.99295,-0.0616902,0,0.0362526,-0.0190187,-0.246625,1|0.984239,-0.090904,0.151688,0,0.145011,-0.0760712,-0.986501,0,0.101216,0.99295,-0.0616902,0,0.0615566,0.229219,-0.262048,1||
0.885517,-0.464606,0,0,0.464606,0.885517,0,0,0,0,1,0,0,0,0,1|0.873564,-0.458335,0.163754,0,-0.145009,0.076078,0.986501,0,-0.464606,-0.885517,-3.61999e-06,0,0,0,0,1|0.601381,0.798512,0.0268219,0,0.785693,-0.597152,0.161542,0,0.14501,-0.0760748,-0.986501,0,0,0,0,1|0.581557,-0.80008,0.147185,0,-0.800477,-0.595051,-0.071778,0,0.14501,-0.0760748,-0.986501,0,0.0362526,-0.0190187,-0.246625,1|0.581557,-0.80008,0.147185,0,0.145013,-0.0760726,-0.986501,0,0.800476,0.595051,0.0717816,0,0.0362526,-0.0190187,-0.246625,1|0.581557,-0.80008,0.147185,0,0.145013,-0.0760726,-0.986501,0,0.800476,0.595051,0.0717816,0,0.236372,0.129744,-0.22868,1||
0.885517,-0.464606,0,0,0.464606,0.885517,0,0,0,0,1,0,0,0,0,1|0.460037,-0.241372,0.854462,0,-0.756642,0.396987,0.519514,0,-0.464606,-0.885517,-3.61999e-06,0,0,0,0,1|0.632526,0.645608,0.427902,0,0.165532,-0.652376,0.739598,0,0.756644,-0.396984,-0.519514,0,0,0,0,1|-0.0217309,-0.809403,0.586851,0,-0.653466,-0.432748,-0.621056,0,0.756644,-0.396984,-0.519514,0,0.189161,-0.0992459,-0.129878,1|-0.0217309,-0.809403,0.586851,0,0.756646,-0.396982,-0.519511,0,0.653463,0.432749,0.621058,0,0.189161,-0.0992459,-0.129878,1|-0.0217309,-0.809403,0.586851,0,0.756646,-0.396982,-0.519511,0,0.653463,0.432749,0.621058,0,0.352527,0.0089414,0.0253862,1||
0.885517,-0.464606,0,0,0.464606,0.885517,0,0,0,0,1,0,0,0,0,1|-0.273287,0.143382,0.951187,0,-0.842292,0.441928,-0.308616,0,-0.464606,-0.885517,-3.61999e-06,0,0,0,0,1|0.265292,0.838286,0.476337,0,-0.469214,-0.319342,0.823322,0,0.842293,-0.441925,0.308616,0,0,0,0,1|-0.525386,-0.54515,0.653285,0,-0.120461,-0.7124,-0.691357,0,0.842293,-0.441925,0.308616,0,0.210573,-0.110481,0.0771541,1|-0.525386,-0.545149,0.653285,0,0.842294,-0.441922,0.308619,0,0.120458,0.712402,0.691356,0,0.210573,-0.110481,0.0771541,1|-0.525386,-0.545149,0.653285,0,0.842294,-0.441922,0.308619,0,0.120458,0.712402,0.691356,0,0.240688,0.0676192,0.249993,1||
0.885517,-0.464606,0,0,0.464606,0.885517,0,0,0,0,1,0,0,0,0,1|-0.846739,0.444259,0.292688,0,-0.259178,0.135988,-0.956208,0,-0.464606,-0.885517,-3.61999e-06,0,0,0,0,1|-0.0218795,0.988958,0.146572,0,-0.965581,-0.05891,0.253343,0,0.25918,-0.135984,0.956208,0,0,0,0,1|-0.919242,-0.338502,0.201021,0,0.296343,-0.931088,-0.212736,0,0.25918,-0.135984,0.956208,0,0.064795,-0.0339961,0.239052,1|-0.919242,-0.338502,0.201021,0,0.259179,-0.135981,0.956209,0,-0.296344,0.931088,0.212732,0,0.064795,-0.0339961,0.239052,1|-0.919242,-0.338502,0.201021,0,0.259179,-0.135981,0.956209,0,-0.296344,0.931088,0.212732,0,-0.00929093,0.198776,0.292235,1||
0.885517,-0.464606,0,0,0.464606,0.885517,0,0,0,0,1,0,0,0,0,1|-0.697927,0.366185,-0.615473,0,0.545013,-0.28595,-0.788158,0,-0.464606,-0.885517,-3.61999e-06,0,0,0,0,1|0.0526454,0.949859,-0.308216,0,-0.836774,-0.126488,-0.532738,0,-0.545011,0.285953,0.788158,0,0,0,0,1|-0.817038,-0.392124,-0.422715,0,0.188179,-0.87434,0.447346,0,-0.545011,0.285953,0.788158,0,-0.136253,0.0714883,0.19704,1|-0.817038,-0.392124,-0.422715,0,-0.545012,0.285956,0.788157,0,-0.188177,0.874339,-0.447349,0,-0.136253,0.0714883,0.19704,1|-0.817038,-0.392124,-0.422715,0,-0.545012,0.285956,0.788157,0,-0.188177,0.874339,-0.447349,0,-0.183297,0.290073,0.0852022,1||
0.885517,-0.464606,0,0,0.464606,0.885517,0,0,0,0,1,0,0,0,0,1|-0.675573,0.354457,-0.646499,0,0.572487,-0.300365,-0.762915,0,-0.464606,-0.885517,-3.61999e-06,0,0,0,0,1|-0.745715,0.196052,-0.636767,0,-0.340836,-0.933457,0.111752,0,-0.572486,0.300368,0.762915,0,0,0,0,1|-0.114012,-0.950604,0.288709,0,0.811949,0.0783003,0.578453,0,-0.572486,0.300368,0.762915,0,-0.143121,0.0750921,0.190729,1|-0.114012,-0.950604,0.288709,0,-0.572489,0.300368,0.762913,0,-0.811947,-0.0783014,-0.578456,0,-0.143121,0.0750921,0.190729,1|-0.114012,-0.950604,0.288709,0,-0.572489,0.300368,0.762913,0,-0.811947,-0.0783014,-0.578456,0,-0.346108,0.0555167,0.0461148,1||
0.885517,-0.464606,0,0,0.464606,0.885517,0,0,0,0,1,0,0,0,0,1|-0.675573,0.354457,-0.646499,0,0.572487,-0.300365,-0.762915,0,-0.464606,-0.885517,-3.61999e-06,0,0,0,0,1|-0.745715,0.196052,-0.636767,0,-0.340836,-0.933457,0.111752,0,-0.572486,0.300368,0.762915,0,0,0,0,1|-0.114012,-0.950604,0.288709,0,0.811949,0.0783003,0.578453,0,-0.572486,0.300368,0.762915,0,-0.143121,0.0750921,0.190729,1|-0.114012,-0.950604,0.288709,0,-0.572489,0.300368,0.762913,0,-0.811947,-0.0783014,-0.578456,0,-0.143121,0.0750921,0.190729,1|-0.114012,-0.950604,0.288709,0,-0.572489,0.300368,0.762913,0,-0.811947,-0.0783014,-0.578456,0,-0.346108,0.0555167,0.0461148,1||
0.885517,-0.464606,0,0,0.464606,0.885517,0,0,0,0,1,0,0,0,0,1|-0.675573,0.354457,-0.646499,0,0.572487,-0.300365,-0.762915,0,-0.464606,-0.885517,-3.61999e-06,0,0,0,0,1|-0.641996,-0.742991,-0.189225,0,0.510001,-0.598117,0.618187,0,-0.572486,0.300368,0.762915,0,0,0,0,1|0.671911,-0.361386,0.646479,0,0.469889,0.882711,0.00506772,0,-0.572486,0.300368,0.762915,0,-0.143121,0.0750921,0.190729,1|0.671911,-0.361386,0.646479,0,-0.572487,0.300365,0.762915,0,-0.469887,-0.882712,-0.00507048,0,-0.143121,0.0750921,0.190729,1|0.671911,-0.361386,0.646479,0,-0.572487,0.300365,0.762915,0,-0.469887,-0.882712,-0.00507048,0,-0.260593,-0.145586,0.189461,1||
0.885517,-0.464606,0,0,0.464606,0.885517,0,0,0,0,1,0,0,0,0,1|0.0991594,-0.0520221,-0.993711,0,0.879948,-0.461685,0.111977,0,-0.464606,-0.885517,-3.61999e-06,0,0,0,0,1|-0.41524,-0.861963,-0.290854,0,-0.230804,-0.209439,0.950192,0,-0.879946,0.461688,-0.111977,0,0,0,0,1|-0.102798,0.0450804,0.99368,0,0.463818,0.885896,0.00779212,0,-0.879946,0.461688,-0.111977,0,-0.219987,0.115422,-0.0279943,1|-0.102798,0.0450804,0.99368,0,-0.879948,0.461685,-0.111977,0,-0.463815,-0.885898,-0.00779171,0,-0.219987,0.115422,-0.0279943,1|-0.102798,0.0450804,0.99368,0,-0.879948,0.461685,-0.111977,0,-0.463815,-0.885898,-0.00779171,0,-0.33594,-0.106053,-0.0299422,1||
0.885517,-0.464606,0,0,0.464606,0.885517,0,0,0,0,1,0,0,0,0,1|0.654783,-0.343543,-0.673229,0,0.596155,-0.312789,0.739434,0,-0.464606,-0.885517,-3.61999e-06,0,0,0,0,1|-0.252613,-0.947289,-0.197054,0,-0.762094,0.0693159,0.643745,0,-0.596153,0.312792,-0.739434,0,0,0,0,1|-0.658404,0.336593,0.673208,0,0.459462,0.888182,0.00528266,0,-0.596153,0.312792,-0.739434,0,-0.149038,0.078198,-0.184858,1|-0.658404,0.336593,0.673208,0,-0.596155,0.312789,-0.739434,0,-0.45946,-0.888183,-0.00527998,0,-0.149038,0.078198,-0.184858,1|-0.658404,0.336593,0.673208,0,-0.596155,0.312789,-0.739434,0,-0.45946,-0.888183,-0.00527998,0,-0.263903,-0.143848,-0.186178,1||
0.885517,-0.464606,0,0,0.464606,0.885517,0,0,0,0,1,0,0,0,0,1|0.835251,-0.438232,-0.332127,0,0.294103,-0.154311,0.943235,0,-0.464606,-0.885517,-3.61999e-06,0,0,0,0,1|-0.19979,-0.975004,-0.0972175,0,-0.934659,0.159857,0.31758,0,-0.294101,0.154315,-0.943235,0,0,0,0,1|-0.838867,0.431278,0.332117,0,0.458047,0.888924,0.00261005,0,-0.294101,0.154315,-0.943235,0,-0.0735253,0.0385787,-0.235809,1|-0.838867,0.431278,0.332117,0,-0.294103,0.154311,-0.943235,0,-0.458046,-0.888925,-0.00260664,0,-0.0735253,0.0385787,-0.235809,1|-0.838867,0.431278,0.332117,0,-0.294103,0.154311,-0.943235,0,-0.458046,-0.888925,-0.00260664,0,-0.188037,-0.183653,-0.23646,1||
0.885517,-0.464606,0,0,0.464606,0.885517,0,0,0,0,1,0,0,0,0,1|0.616012,-0.323207,0.718378,0,-0.636137,0.333761,0.695653,0,-0.464606,-0.885517,-3.61999e-06,0,0,0,0,1|-0.263956,-0.941339,0.210257,0,-0.72502,0.0498693,-0.68692,0,0.636139,-0.333757,-0.695653,0,0,0,0,1|-0.619634,0.316257,-0.718356,0,0.459762,0.888024,-0.00562407,0,0.636139,-0.333757,-0.695653,0,0.159035,-0.0834394,-0.173913,1|-0.619634,0.316257,-0.718356,0,0.636137,-0.333761,-0.695653,0,-0.459764,-0.888023,0.00562659,0,0.159035,-0.0834394,-0.173913,1|-0.619634,0.316257,-0.718356,0,0.636137,-0.333761,-0.695653,0,-0.459764,-0.888023,0.00562659,0,0.0440938,-0.305445,-0.172507,1||
0.885517,-0.464606,0,0,0.464606,0.885517,0,0,0,0,1,0,0,0,0,1|-0.219678,0.115255,0.96874,0,-0.857836,0.450084,-0.248077,0,-0.464606,-0.885517,-3.61999e-06,0,0,0,0,1|-0.508555,-0.813005,0.283539,0,0.0740728,-0.369391,-0.926317,0,0.857838,-0.45008,0.248077,0,0,0,0,1|0.21603,-0.122192,-0.96871,0,0.466311,0.884588,-0.0075897,0,0.857838,-0.45008,0.248077,0,0.214459,-0.11252,0.0620193,1|0.21603,-0.122192,-0.96871,0,0.857836,-0.450083,0.248077,0,-0.466314,-0.884587,0.0075888,0,0.214459,-0.11252,0.0620193,1|0.21603,-0.122192,-0.96871,0,0.857836,-0.450083,0.248077,0,-0.466314,-0.884587,0.0075888,0,0.097881,-0.333667,0.0639165,1||
0.885517,-0.464606,0,0,0.464606,0.885517,0,0,0,0,1,0,0,0,0,1|-0.219678,0.115255,0.96874,0,-0.857836,0.450084,-0.248077,0,-0.464606,-0.885517,-3.61999e-06,0,0,0,0,1|-0.212432,-0.75009,-0.626289,0,0.467961,0.484555,-0.739067,0,0.857838,-0.45008,0.248077,0,0,0,0,1|0.50911,0.678348,-0.529764,0,0.0701538,0.58075,0.811053,0,0.857838,-0.45008,0.248077,0,0.214459,-0.11252,0.0620193,1|0.50911,0.678348,-0.529764,0,0.857837,-0.450082,0.248074,0,-0.0701569,-0.580749,-0.811054,0,0.214459,-0.11252,0.0620193,1|0.50911,0.678348,-0.529764,0,0.857837,-0.450082,0.248074,0,-0.0701569,-0.580749,-0.811054,0,0.19692,-0.257707,-0.140744,1||
0.885517,-0.464606,0,0,0.464606,0.885517,0,0,0,0,1,0,0,0,0,1|-0.219678,0.115255,0.96874,0,-0.857836,0.450084,-0.248077,0,-0.464606,-0.885517,-3.61999e-06,0,0,0,0,1|0.344205,0.144723,-0.927673,0,0.381625,0.881183,0.279069,0,0.857838,-0.45008,0.248077,0,0,0,0,1|0.267614,0.803315,0.532041,0,-0.438745,-0.390016,0.809562,0,0.857838,-0.45008,0.248077,0,0.214459,-0.11252,0.0620193,1|0.267614,0.803315,0.532041,0,0.857839,-0.450079,0.248074,0,0.438742,0.390018,-0.809562,0,0.214459,-0.11252,0.0620193,1|0.267614,0.803315,0.532041,0,0.857839,-0.450079,0.248074,0,0.438742,0.390018,-0.809562,0,0.324145,-0.0150157,-0.140371,1||
0.885517,-0.464606,0,0,0.464606,0.885517,0,0,0,0,1,0,0,0,0,1|-0.219678,0.115255,0.96874,0,-0.857836,0.450084,-0.248077,0,-0.464606,-0.885517,-3.61999e-06,0,0,0,0,1|0.505329,0.826614,-0.247694,0,-0.0935819,0.337842,0.936539,0,0.857837,-0.45008,0.248077,0,0,0,0,1|-0.233809,0.0880714,0.968285,0,-0.457655,-0.888634,-0.0296819,0,0.857837,-0.45008,0.248077,0,0.214459,-0.11252,0.0620193,1|-0.233809,0.0880714,0.968285,0,0.857839,-0.450077,0.248077,0,0.457652,0.888636,0.029681,0,0.214459,-0.11252,0.0620193,1|-0.233809,0.0880714,0.968285,0,0.857839,-0.450077,0.248077,0,0.457652,0.888636,0.029681,0,0.328872,0.109639,0.0694396,1||
0.885517,-0.464606,0,0,0.464606,0.885517,0,0,0,0,1,0,0,0,0,1|-0.219678,0.115255,0.96874,0,-0.857836,0.450084,-0.248077,0,-0.464606,-0.885517,-3.61999e-06,0,0,0,0,1|0.249835,0.787057,0.564024,0,-0.449107,-0.421863,0.787613,0,0.857838,-0.45008,0.248077,0,0,0,0,1|-0.501706,-0.628803,0.594052,0,-0.111379,-0.634062,-0.765219,0,0.857838,-0.45008,0.248077,0,0.214459,-0.11252,0.0620193,1|-0.501706,-0.628803,0.594052,0,0.857838,-0.450078,0.24808,0,0.111376,0.634063,0.765218,0,0.214459,-0.11252,0.0620193,1|-0.501706,-0.628803,0.594052,0,0.857838,-0.450078,0.24808,0,0.111376,0.634063,0.765218,0,0.242303,0.0459958,0.253324,1||
0.885517,-0.464606,0,0,0.464606,0.885517,0,0,0,0,1,0,0,0,0,1|-0.219678,0.115255,0.96874,0,-0.857836,0.450084,-0.248077,0,-0.464606,-0.885517,-3.61999e-06,0,0,0,0,1|0.249835,0.787057,0.564024,0,-0.449107,-0.421863,0.787613,0,0.857838,-0.45008,0.248077,0,0,0,0,1|-0.429441,-0.89294,-0.135054,0,0.282303,0.00931999,-0.95928,0,0.857838,-0.45008,0.248077,0,0.214459,-0.11252,0.0620193,1|-0.429441,-0.892939,-0.135054,0,0.857837,-0.45008,0.248081,0,-0.282306,-0.00931836,0.959279,0,0.214459,-0.11252,0.0620193,1|-0.429441,-0.892939,-0.135054,0,0.857837,-0.45008,0.248081,0,-0.282306,-0.00931836,0.959279,0,0.143883,-0.11485,0.301839,1||
0.885517,-0.464606,0,0,0.464606,0.885517,0,0,0,0,1,0,0,0,0,1|-0.219678,0.115255,0.96874,0,-0.857836,0.450084,-0.248077,0,-0.464606,-0.885517,-3.61999e-06,0,0,0,0,1|0.249835,0.787057,0.564024,0,-0.449107,-0.421863,0.787613,0,0.857838,-0.45008,0.248077,0,0,0,0,1|0.186198,-0.177725,-0.966304,0,0.479004,0.875124,-0.0686548,0,0.857838,-0.45008,0.248077,0,0.214459,-0.11252,0.0620193,1|0.186198,-0.177725,-0.966304,0,0.857836,-0.450083,0.248078,0,-0.479007,-0.875122,0.0686539,0,0.214459,-0.11252,0.0620193,1|0.186198,-0.177725,-0.966304,0,0.857836,-0.450083,0.248078,0,-0.479007,-0.875122,0.0686539,0,0.0947076,-0.331301,0.0791828,1||
0.885517,-0.464606,0,0,0.464606,0.885517,0,0,0,0,1,0,0,0,0,1|-0.219678,0.115255,0.96874,0,-0.857836,0.450084,-0.248077,0,-0.464606,-0.885517,-3.61999e-06,0,0,0,0,1|0.249835,0.787057,0.564024,0,-0.449107,-0.421863,0.787613,0,0.857838,-0.45008,0.248077,0,0,0,0,1|0.512994,0.720949,-0.465906,0,0.0308442,0.526934,0.849346,0,0.857838,-0.45008,0.248077,0,0.214459,-0.11252,0.0620193,1|0.512994,0.720949,-0.465906,0,0.857837,-0.450082,0.248074,0,-0.0308473,-0.526933,-0.849347,0,0.214459,-0.11252,0.0620193,1|0.512994,0.720949,-0.465906,0,0.857837,-0.450082,0.248074,0,-0.0308473,-0.526933,-0.849347,0,0.206748,-0.244253,-0.150317,1||
0.885517,-0.464606,0,0,0.464606,0.885517,0,0,0,0,1,0,0,0,0,1|-0.219678,0.115255,0.96874,0,-0.857836,0.450084,-0.248077,0,-0.464606,-0.885517,-3.61999e-06,0,0,0,0,1|0.249835,0.787057,0.564024,0,-0.449107,-0.421863,0.787613,0,0.857838,-0.45008,0.248077,0,0,0,0,1|0.277696,0.812126,0.513162,0,-0.432434,-0.37132,0.821658,0,0.857838,-0.45008,0.248077,0,0.214459,-0.11252,0.0620193,1|0.277696,0.812126,0.513162,0,0.857839,-0.450079,0.248074,0,0.432431,0.371321,-0.821659,0,0.214459,-0.11252,0.0620193,1|0.277696,0.812126,0.513162,0,0.857839,-0.450079,0.248074,0,0.432431,0.371321,-0.821659,0,0.322567,-0.0196897,-0.143395,1||
0.885517,-0.464606,0,0,0.464606,0.885517,0,0,0,0,1,0,0,0,0,1|-0.219678,0.115255,0.96874,0,-0.857836,0.450084,-0.248077,0,-0.464606,-0.885517,-3.61999e-06,0,0,0,0,1|0.249835,0.787057,0.564024,0,-0.449107,-0.421863,0.787613,0,0.857838,-0.45008,0.248077,0,0,0,0,1|-0.185434,0.179121,0.966193,0,-0.479301,-0.874839,0.0701966,0,0.857838,-0.45008,0.248077,0,0.214459,-0.11252,0.0620193,1|-0.185433,0.179121,0.966193,0,0.857839,-0.450077,0.248077,0,0.479298,0.874841,-0.0701975,0,0.214459,-0.11252,0.0620193,1|-0.185433,0.179121,0.966193,0,0.857839,-0.450077,0.248077,0,0.479298,0.874841,-0.0701975,0,0.334284,0.10619,0.0444699,1||
0.885517,-0.464606,0,0,0.464606,0.885517,0,0,0,0,1,0,0,0,0,1|-0.219678,0.115255,0.96874,0,-0.857836,0.450084,-0.248077,0,-0.464606,-0.885517,-3.61999e-06,0,0,0,0,1|0.249835,0.787057,0.564024,0,-0.449107,-0.421863,0.787613,0,0.857838,-0.45008,0.248077,0,0,0,0,1|-0.490716,-0.573942,0.655582,0,-0.152683,-0.684119,-0.713211,0,0.857837,-0.45008,0.248077,0,0.214459,-0.11252,0.0620193,1|-0.490716,-0.573942,0.655582,0,0.857838,-0.450078,0.24808,0,0.15268,0.68412,0.71321,0,0.214459,-0.11252,0.0620193,1|-0.490716,-0.573942,0.655582,0,0.857838,-0.450078,0.24808,0,0.15268,0.68412,0.71321,0,0.252629,0.05851,0.240322,1||
0.885517,-0.464606,0,0,0.464606,0.885517,0,0,0,0,1,0,0,0,0,1|-0.219678,0.115255,0.96874,0,-0.857836,0.450084,-0.248077,0,-0.464606,-0.885517,-3.61999e-06,0,0,0,0,1|0.249835,0.787057,0.564024,0,-0.449107,-0.421863,0.787613,0,0.857838,-0.45008,0.248077,0,0,0,0,1|-0.446406,-0.891747,-0.0742273,0,0.25463,-0.0470681,-0.965892,0,0.857838,-0.45008,0.248077,0,0.214459,-0.11252,0.0620193,1|-0.446406,-0.891747,-0.0742273,0,0.857837,-0.45008,0.248081,0,-0.254633,0.0470697,0.965891,0,0.214459,-0.11252,0.0620193,1|-0.446406,-0.891747,-0.0742273,0,0.857837,-0.45008,0.248081,0,-0.254633,0.0470697,0.965891,0,0.150801,-0.100753,0.303492,1||
0.885517,-0.464606,0,0,0.464606,0.885517,0,0,0,0,1,0,0,0,0,1|-0.219678,0.115255,0.96874,0,-0.857836,0.450084,-0.248077,0,-0.464606,-0.885517,-3.61999e-06,0,0,0,0,1|-0.205966,0.141162,0.968324,0,-0.470843,-0.88176,0.0283927,0,0.857838,-0.45008,0.248077,0,0,0,0,1|-0.0474203,-0.549977,-0.833832,0,0.511728,0.703529,-0.493134,0,0.857838,-0.45008,0.248077,0,0.214459,-0.11252,0.0620193,1|-0.0474203,-0.549977,-0.833832,0,0.857836,-0.450083,0.248079,0,-0.511732,-0.703527,0.493133,0,0.214459,-0.11252,0.0620193,1|-0.0474203,-0.549977,-0.833832,0,0.857836,-0.450083,0.248079,0,-0.511732,-0.703527,0.493133,0,0.0865265,-0.288402,0.185303,1||
0.885517,-0.464606,0,0,0.464606,0.885517,0,0,0,0,1,0,0,0,0,1|-0.219678,0.115255,0.96874,0,-0.857836,0.450084,-0.248077,0,-0.464606,-0.885517,-3.61999e-06,0,0,0,0,1|-0.494131,-0.589679,0.638837,0,-0.141242,-0.670601,-0.728247,0,0.857838,-0.45008,0.248077,0,0,0,0,1|0.364202,0.191836,-0.911348,0,0.36259,0.872139,0.328485,0,0.857838,-0.45008,0.248077,0,0.214459,-0.11252,0.0620193,1|0.364202,0.191836,-0.911348,0,0.857836,-0.450083,0.248076,0,-0.362593,-0.872137,-0.328486,0,0.214459,-0.11252,0.0620193,1|0.364202,0.191836,-0.911348,0,0.857836,-0.450083,0.248076,0,-0.362593,-0.872137,-0.328486,0,0.123811,-0.330554,-0.0201021,1||
0.885517,-0.464606,0,0,0.464606,0.885517,0,0,0,0,1,0,0,0,0,1|-0.219678,0.115255,0.96874,0,-0.857836,0.450084,-0.248077,0,-0.464606,-0.885517,-3.61999e-06,0,0,0,0,1|-0.423691,-0.892573,-0.154272,0,0.290862,0.0272321,-0.956377,0,0.857838,-0.45008,0.248077,0,0,0,0,1|0.511513,0.794428,-0.327472,0,-0.0496908,0.407813,0.911712,0,0.857838,-0.45008,0.248077,0,0.214459,-0.11252,0.0620193,1|0.511513,0.794428,-0.327472,0,0.857838,-0.450082,0.248074,0,0.0496877,-0.407811,-0.911713,0,0.214459,-0.11252,0.0620193,1|0.511513,0.794428,-0.327472,0,0.857838,-0.450082,0.248074,0,0.0496877,-0.407811,-0.911713,0,0.226881,-0.214473,-0.165909,1||
0.885517,-0.464606,0,0,0.464606,0.885517,0,0,0,0,1,0,0,0,0,1|-0.219678,0.115255,0.96874,0,-0.857836,0.450084,-0.248077,0,-0.464606,-0.885517,-3.61999e-06,0,0,0,0,1|-0.126735,-0.653075,-0.746613,0,0.498049,0.609033,-0.617273,0,0.857838,-0.45008,0.248077,0,0,0,0,1|0.351787,0.866158,0.354989,0,-0.374647,-0.217252,0.901355,0,0.857838,-0.45008,0.248077,0,0.214459,-0.11252,0.0620193,1|0.351787,0.866158,0.354989,0,0.857839,-0.45008,0.248074,0,0.374644,0.217254,-0.901356,0,0.214459,-0.11252,0.0620193,1|0.351787,0.866158,0.354989,0,0.857839,-0.45008,0.248074,0,0.374644,0.217254,-0.901356,0,0.30812,-0.0582066,-0.16332,1||
0.885517,-0.464606,0,0,0.464606,0.885517,0,0,0,0,1,0,0,0,0,1|-0.219678,0.115255,0.96874,0,-0.857836,0.450084,-0.248077,0,-0.464606,-0.885517,-3.61999e-06,0,0,0,0,1|0.327465,0.106673,-0.938822,0,0.396082,0.886594,0.238893,0,0.857838,-0.45008,0.248077,0,0,0,0,1|-0.0950807,0.335388,0.93727,0,-0.505049,-0.827613,0.244914,0,0.857838,-0.45008,0.248077,0,0.214459,-0.11252,0.0620193,1|-0.0950807,0.335388,0.93727,0,0.857839,-0.450077,0.248076,0,0.505046,0.827614,-0.244915,0,0.214459,-0.11252,0.0620193,1|-0.0950807,0.335388,0.93727,0,0.857839,-0.450077,0.248076,0,0.505046,0.827614,-0.244915,0,0.340721,0.0943835,0.000790518,1||
0.885517,-0.464606,0,0,0.464606,0.885517,0,0,0,0,1,0,0,0,0,1|-0.219678,0.115255,0.96874,0,-0.857836,0.450084,-0.248077,0,-0.464606,-0.885517,-3.61999e-06,0,0,0,0,1|0.505611,0.825583,-0.250541,0,-0.0920445,0.340354,0.935781,0,0.857838,-0.45008,0.248077,0,0,0,0,1|-0.487068,-0.558028,0.67184,0,-0.163948,-0.697161,-0.697917,0,0.857838,-0.45008,0.248077,0,0.214459,-0.11252,0.0620193,1|-0.487068,-0.558028,0.67184,0,0.857838,-0.450078,0.24808,0,0.163945,0.697162,0.697916,0,0.214459,-0.11252,0.0620193,1|-0.487068,-0.558028,0.67184,0,0.857838,-0.450078,0.24808,0,0.163945,0.697162,0.697916,0,0.255446,0.0617705,0.236498,1||
0.885517,-0.464606,0,0,0.464606,0.885517,0,0,0,0,1,0,0,0,0,1|-0.219678,0.115255,0.96874,0,-0.857836,0.450084,-0.248077,0,-0.464606,-0.885517,-3.61999e-06,0,0,0,0,1|0.501526,0.838533,-0.212919,0,-0.11219,0.307067,0.945052,0,0.857837,-0.45008,0.248077,0,0,0,0,1|-0.493235,-0.585461,0.643393,0,-0.144339,-0.674287,-0.724226,0,0.857837,-0.45008,0.248077,0,0.214459,-0.11252,0.0620193,1|-0.493235,-0.585461,0.643393,0,0.857838,-0.450078,0.24808,0,0.144336,0.674289,0.724225,0,0.214459,-0.11252,0.0620193,1|-0.493235,-0.585461,0.643393,0,0.857838,-0.450078,0.24808,0,0.144336,0.674289,0.724225,0,0.250543,0.0560521,0.243076,1||
0.885517,-0.464606,0,0,0.464606,0.885517,0,0,0,0,1,0,0,0,0,1|-0.219678,0.115255,0.96874,0,-0.857836,0.450084,-0.248077,0,-0.464606,-0.885517,-3.61999e-06,0,0,0,0,1|0.501526,0.838533,-0.212919,0,-0.11219,0.307067,0.945052,0,0.857837,-0.45008,0.248077,0,0,0,0,1|-0.493235,-0.585461,0.643393,0,-0.144339,-0.674287,-0.724226,0,0.857837,-0.45008,0.248077,0,0.214459,-0.11252,0.0620193,1|-0.493235,-0.585461,0.643393,0,0.857838,-0.450078,0.24808,0,0.144336,0.674289,0.724225,0,0.214459,-0.11252,0.0620193,1|-0.493235,-0.585461,0.643393,0,0.857838,-0.450078,0.24808,0,0.144336,0.674289,0.724225,0,0.250543,0.0560521,0.243076,1||
0.885517,-0.464606,0,0,0.464606,0.885517,0,0,0,0,1,0,0,0,0,1|-0.219678,0.115255,0.96874,0,-0.857836,0.450084,-0.248077,0,-0.464606,-0.885517,-3.61999e-06,0,0,0,0,1|0.501526,0.838533,-0.212919,0,-0.11219,0.307067,0.945052,0,0.857837,-0.45008,0.248077,0,0,0,0,1|-0.493235,-0.585461,0.643393,0,-0.144339,-0.674287,-0.724226,0,0.857837,-0.45008,0.248077,0,0.214459,-0.11252,0.0620193,1|-0.493235,-0.585461,0.643393,0,0.857838,-0.450078,0.24808,0,0.144336,0.674289,0.724225,0,0.214459,-0.11252,0.0620193,1|-0.493235,-0.585461,0.643393,0,0.857838,-0.450078,0.24808,0,0.144336,0.674289,0.724225,0,0.250543,0.0560521,0.243076,1||
0.885517,-0.464606,0,0,0.464606,0.885517,0,0,0,0,1,0,0,0,0,1|-0.219678,0.115255,0.96874,0,-0.857836,0.450084,-0.248077,0,-0.464606,-0.885517,-3.61999e-06,0,0,0,0,1|0.501526,0.838533,-0.212919,0,-0.11219,0.307067,0.945052,0,0.857837,-0.45008,0.248077,0,0,0,0,1|-0.493235,-0.585461,0.643393,0,-0.144339,-0.674287,-0.724226,0,0.857837,-0.45008,0.248077,0,0.214459,-0.11252,0.0620193,1|-0.493235,-0.585461,0.643393,0,0.857838,-0.450078,0.24808,0,0.144336,0.674289,0.724225,0,0.214459,-0.11252,0.0620193,1|-0.493235,-0.585461,0.643393,0,0.857838,-0.450078,0.24808,0,0.144336,0.674289,0.724225,0,0.250543,0.0560521,0.243076,1||
0.885517,-0.464606,0,0,0.464606,0.885517,0,0,0,0,1,0,0,0,0,1|-0.219678,0.115255,0.96874,0,-0.857836,0.450084,-0.248077,0,-0.464606,-0.885517,-3.61999e-06,0,0,0,0,1|0.35802,0.869679,0.339824,0,-0.368696,-0.202698,0.907181,0,0.857838,-0.45008,0.248077,0,0,0,0,1|-0.491672,-0.859245,0.141269,0,0.149577,-0.243158,-0.958384,0,0.857838,-0.45008,0.248077,0,0.214459,-0.11252,0.0620193,1|-0.491672,-0.859245,0.141269,0,0.857837,-0.450079,0.248081,0,-0.14958,0.24316,0.958384,0,0.214459,-0.11252,0.0620193,1|-0.491672,-0.859245,0.141269,0,0.857837,-0.450079,0.248081,0,-0.14958,0.24316,0.958384,0,0.177064,-0.0517301,0.301615,1||
0.885517,-0.464606,0,0,0.464606,0.885517,0,0,0,0,1,0,0,0,0,1|-0.219678,0.115255,0.96874,0,-0.857836,0.450084,-0.248077,0,-0.464606,-0.885517,-3.61999e-06,0,0,0,0,1|-0.0560659,0.397874,0.915725,0,-0.510853,-0.799452,0.316077,0,0.857838,-0.45008,0.248077,0,0,0,0,1|-0.197975,-0.73487,-0.648669,0,0.474258,0.50734,-0.719504,0,0.857838,-0.45008,0.248077,0,0.214459,-0.11252,0.0620193,1|-0.197975,-0.73487,-0.648669,0,0.857836,-0.450082,0.24808,0,-0.474261,-0.507338,0.719503,0,0.214459,-0.11252,0.0620193,1|-0.197975,-0.73487,-0.648669,0,0.857836,-0.450082,0.24808,0,-0.474261,-0.507338,0.719503,0,0.0958942,-0.239355,0.241895,1||
0.885517,-0.464606,0,0,0.464606,0.885517,0,0,0,0,1,0,0,0,0,1|-0.219678,0.115255,0.96874,0,-0.857836,0.450084,-0.248077,0,-0.464606,-0.885517,-3.61999e-06,0,0,0,0,1|-0.35751,-0.175854,0.917203,0,-0.36919,-0.875502,-0.311762,0,0.857838,-0.45008,0.248077,0,0,0,0,1|0.134384,-0.26947,-0.953586,0,0.49604,0.85136,-0.170678,0,0.857838,-0.45008,0.248077,0,0.214459,-0.11252,0.0620193,1|0.134384,-0.26947,-0.953586,0,0.857836,-0.450083,0.248078,0,-0.496043,-0.851358,0.170677,0,0.214459,-0.11252,0.0620193,1|0.134384,-0.26947,-0.953586,0,0.857836,-0.450083,0.248078,0,-0.496043,-0.851358,0.170677,0,0.0904486,-0.32536,0.104689,1||
0.885517,-0.464606,0,0,0.464606,0.885517,0,0,0,0,1,0,0,0,0,1|-0.219678,0.115255,0.96874,0,-0.857836,0.450084,-0.248077,0,-0.464606,-0.885517,-3.61999e-06,0,0,0,0,1|-0.512217,-0.709509,0.483974,0,-0.041814,-0.54224,-0.839182,0,0.857838,-0.45008,0.248077,0,0,0,0,1|0.428117,0.358798,-0.829446,0,0.284308,0.817736,0.500477,0,0.857838,-0.45008,0.248077,0,0.214459,-0.11252,0.0620193,1|0.428117,0.358798,-0.829446,0,0.857837,-0.450083,0.248075,0,-0.284311,-0.817734,-0.500478,0,0.214459,-0.11252,0.0620193,1|0.428117,0.358798,-0.829446,0,0.857837,-0.450083,0.248075,0,-0.284311,-0.817734,-0.500478,0,0.143382,-0.316954,-0.0631002,1||
0.885517,-0.464606,0,0,0.464606,0.885517,0,0,0,0,1,0,0,0,0,1|-0.219678,0.115255,0.96874,0,-0.857836,0.450084,-0.248077,0,-0.464606,-0.885517,-3.61999e-06,0,0,0,0,1|-0.373015,-0.877343,-0.301875,0,0.353517,0.166423,-0.920505,0,0.857838,-0.45008,0.248077,0,0,0,0,1|0.497457,0.848411,-0.180929,0,-0.129039,0.278616,0.951694,0,0.857838,-0.45008,0.248077,0,0.214459,-0.11252,0.0620193,1|0.497457,0.848411,-0.180929,0,0.857838,-0.450081,0.248074,0,0.129036,-0.278614,-0.951695,0,0.214459,-0.11252,0.0620193,1|0.497457,0.848411,-0.180929,0,0.857838,-0.450081,0.248074,0,0.129036,-0.278614,-0.951695,0,0.246718,-0.182174,-0.175904,1||
0.885517,-0.464606,0,0,0.464606,0.885517,0,0,0,0,1,0,0,0,0,1|-0.219678,0.115255,0.96874,0,-0.857836,0.450084,-0.248077,0,-0.464606,-0.885517,-3.61999e-06,0,0,0,0,1|-0.12825,-0.654924,-0.744732,0,0.497661,0.607044,-0.619541,0,0.857837,-0.45008,0.248077,0,0,0,0,1|0.352925,0.866814,0.352245,0,-0.373576,-0.214617,0.90243,0,0.857837,-0.45008,0.248077,0,0.214459,-0.11252,0.0620193,1|0.352925,0.866814,0.352245,0,0.857839,-0.45008,0.248074,0,0.373573,0.214618,-0.902431,0,0.214459,-0.11252,0.0620193,1|0.352925,0.866814,0.352245,0,0.857839,-0.45008,0.248074,0,0.373573,0.214618,-0.902431,0,0.307853,-0.0588655,-0.163589,1||
0.885517,-0.464606,0,0,0.464606,0.885517,0,0,0,0,1,0,0,0,0,1|-0.219678,0.115255,0.96874,0,-0.857836,0.450084,-0.248077,0,-0.464606,-0.885517,-3.61999e-06,0,0,0,0,1|0.184786,-0.180303,-0.966098,0,0.479551,0.874596,-0.0715019,0,0.857838,-0.45008,0.248077,0,0,0,0,1|0.07017,0.580772,0.811036,0,-0.509108,-0.67833,0.52979,0,0.857838,-0.45008,0.248077,0,0.214459,-0.11252,0.0620193,1|0.07017,0.580772,0.811036,0,0.857839,-0.450078,0.248075,0,0.509105,0.678332,-0.529791,0,0.214459,-0.11252,0.0620193,1|0.07017,0.580772,0.811036,0,0.857839,-0.450078,0.248075,0,0.509105,0.678332,-0.529791,0,0.341736,0.0570628,-0.0704285,1||
0.885517,-0.464606,0,0,0.464606,0.885517,0,0,0,0,1,0,0,0,0,1|-0.219678,0.115255,0.96874,0,-0.857836,0.450084,-0.248077,0,-0.464606,-0.885517,-3.61999e-06,0,0,0,0,1|0.364271,0.192002,-0.911286,0,0.362521,0.872103,0.328658,0,0.857838,-0.45008,0.248077,0,0,0,0,1|-0.143527,0.253692,0.956577,0,-0.493472,-0.856194,0.153028,0,0.857838,-0.45008,0.248077,0,0.214459,-0.11252,0.0620193,1|-0.143527,0.253692,0.956577,0,0.857839,-0.450077,0.248077,0,0.493469,0.856195,-0.153029,0,0.214459,-0.11252,0.0620193,1|-0.143527,0.253692,0.956577,0,0.857839,-0.450077,0.248077,0,0.493469,0.856195,-0.153029,0,0.337827,0.101529,0.0237621,1||
0.885517,-0.464606,0,0,0.464606,0.885517,0,0,0,0,1,0,0,0,0,1|-0.219678,0.115255,0.96874,0,-0.857836,0.450084,-0.248077,0,-0.464606,-0.885517,-3.61999e-06,0,0,0,0,1|0.510405,0.8025,-0.308999,0,-0.0600075,0.391691,0.918138,0,0.857838,-0.45008,0.248077,0,0,0,0,1|-0.475772,-0.512997,0.714475,0,-0.194308,-0.730932,-0.654204,0,0.857838,-0.45008,0.248077,0,0.214459,-0.11252,0.0620193,1|-0.475772,-0.512997,0.714475,0,0.857838,-0.450078,0.24808,0,0.194305,0.730934,0.654203,0,0.214459,-0.11252,0.0620193,1|-0.475772,-0.512997,0.714475,0,0.857838,-0.450078,0.24808,0,0.194305,0.730934,0.654203,0,0.263036,0.0702133,0.22557,1||
0.885517,-0.464606,0,0,0.464606,0.885517,0,0,0,0,1,0,0,0,0,1|-0.219678,0.115255,0.96874,0,-0.857836,0.450084,-0.248077,0,-0.464606,-0.885517,-3.61999e-06,0,0,0,0,1|0.359139,0.870291,0.337064,0,-0.367605,-0.200052,0.90821,0,0.857838,-0.45008,0.248077,0,0,0,0,1|-0.492125,-0.858501,0.144183,0,0.148081,-0.24577,-0.95795,0,0.857838,-0.45008,0.248077,0,0.214459,-0.11252,0.0620193,1|-0.492125,-0.858501,0.144183,0,0.857837,-0.450079,0.248081,0,-0.148084,0.245772,0.957949,0,0.214459,-0.11252,0.0620193,1|-0.492125,-0.858501,0.144183,0,0.857837,-0.450079,0.248081,0,-0.148084,0.245772,0.957949,0,0.177438,-0.0510771,0.301507,1||
0.885517,-0.464606,0,0,0.464606,0.885517,0,0,0,0,1,0,0,0,0,1|-0.219678,0.115255,0.96874,0,-0.857836,0.450084,-0.248077,0,-0.464606,-0.885517,-3.61999e-06,0,0,0,0,1|0.138929,0.667836,0.731228,0,-0.494786,-0.592809,0.635424,0,0.857838,-0.45008,0.248077,0,0,0,0,1|-0.360882,-0.871232,-0.332744,0,0.365894,0.195914,-0.909802,0,0.857838,-0.45008,0.248077,0,0.214459,-0.11252,0.0620193,1|-0.360882,-0.871232,-0.332744,0,0.857836,-0.450081,0.248081,0,-0.365897,-0.195912,0.909801,0,0.214459,-0.11252,0.0620193,1|-0.360882,-0.871232,-0.332744,0,0.857836,-0.450081,0.248081,0,-0.365897,-0.195912,0.909801,0,0.122985,-0.161498,0.289469,1||
0.885517,-0.464606,0,0,0.464606,0.885517,0,0,0,0,1,0,0,0,0,1|-0.219678,0.115255,0.96874,0,-0.857836,0.450084,-0.248077,0,-0.464606,-0.885517,-3.61999e-06,0,0,0,0,1|-0.221814,0.111179,0.96873,0,-0.463587,-0.88604,-0.00446073,0,0.857838,-0.45008,0.248077,0,0,0,0,1|-0.0300397,-0.525803,-0.850076,0,0.513042,0.721775,-0.464574,0,0.857838,-0.45008,0.248077,0,0.214459,-0.11252,0.0620193,1|-0.0300397,-0.525803,-0.850076,0,0.857836,-0.450083,0.248079,0,-0.513045,-0.721773,0.464573,0,0.214459,-0.11252,0.0620193,1|-0.0300397,-0.525803,-0.850076,0,0.857836,-0.450083,0.248079,0,-0.513045,-0.721773,0.464573,0,0.0861981,-0.292963,0.178163,1||
0.885517,-0.464606,0,0,0.464606,0.885517,0,0,0,0,1,0,0,0,0,1|-0.219678,0.115255,0.96874,0,-0.857836,0.450084,-0.248077,0,-0.464606,-0.885517,-3.61999e-06,0,0,0,0,1|-0.501025,-0.624962,0.598662,0,-0.114407,-0.637848,-0.761617,0,0.857838,-0.45008,0.248077,0,0,0,0,1|0.383214,0.238559,-0.892321,0,0.342435,0.860533,0.377122,0,0.857838,-0.45008,0.248077,0,0.214459,-0.11252,0.0620193,1|0.383214,0.238559,-0.892321,0,0.857836,-0.450083,0.248076,0,-0.342438,-0.860532,-0.377123,0,0.214459,-0.11252,0.0620193,1|0.383214,0.238559,-0.892321,0,0.857836,-0.450083,0.248076,0,-0.342438,-0.860532,-0.377123,0,0.12885,-0.327653,-0.0322614,1||
0.885517,-0.464606,0,0,0.464606,0.885517,0,0,0,0,1,0,0,0,0,1|-0.219678,0.115255,0.96874,0,-0.857836,0.450084,-0.248077,0,-0.464606,-0.885517,-3.61999e-06,0,0,0,0,1|-0.485265,-0.868321,0.102647,0,0.169211,-0.208437,-0.963287,0,0.857838,-0.45008,0.248077,0,0,0,0,1|0.506578,0.659231,-0.555691,0,0.0865655,0.602363,0.793514,0,0.857838,-0.45008,0.248077,0,0.214459,-0.11252,0.0620193,1|0.506578,0.659231,-0.555691,0,0.857837,-0.450082,0.248074,0,-0.0865686,-0.602362,-0.793515,0,0.214459,-0.11252,0.0620193,1|0.506578,0.659231,-0.555691,0,0.857837,-0.450082,0.248074,0,-0.0865686,-0.602362,-0.793515,0,0.192817,-0.263111,-0.136359,1||
0.885517,-0.464606,0,0,0.464606,0.885517,0,0,0,0,1,0,0,0,0,1|-0.219678,0.115255,0.96874,0,-0.857836,0.450084,-0.248077,0,-0.464606,-0.885517,-3.61999e-06,0,0,0,0,1|-0.352285,-0.866446,-0.353789,0,0.374179,0.216099,-0.901827,0,0.857838,-0.45008,0.248077,0,0,0,0,1|0.489304,0.862896,-0.126457,0,-0.157149,0.229865,0.960451,0,0.857838,-0.45008,0.248077,0,0.214459,-0.11252,0.0620193,1|0.489304,0.862896,-0.126457,0,0.857838,-0.450081,0.248074,0,0.157146,-0.229863,-0.960452,0,0.214459,-0.11252,0.0620193,1|0.489304,0.862896,-0.126457,0,0.857838,-0.450081,0.248074,0,0.157146,-0.229863,-0.960452,0,0.253746,-0.169986,-0.178094,1||
0.885517,-0.464606,0,0,0.464606,0.885517,0,0,0,0,1,0,0,0,0,1|-0.219678,0.115255,0.96874,0,-0.857836,0.450084,-0.248077,0,-0.464606,-0.885517,-3.61999e-06,0,0,0,0,1|0.0229894,-0.448625,-0.893425,0,0.513406,0.772116,-0.3745,0,0.857838,-0.45008,0.248077,0,0,0,0,1|0.228161,0.766072,0.600896,0,-0.460497,-0.45887,0.759856,0,0.857838,-0.45008,0.248077,0,0.214459,-0.11252,0.0620193,1|0.228161,0.766072,0.600896,0,0.857839,-0.450079,0.248075,0,0.460493,0.458871,-0.759857,0,0.214459,-0.11252,0.0620193,1|0.228161,0.766072,0.600896,0,0.857839,-0.450079,0.248075,0,0.460493,0.458871,-0.759857,0,0.329583,0.00219777,-0.127945,1||
0.885517,-0.464606,0,0,0.464606,0.885517,0,0,0,0,1,0,0,0,0,1|-0.219678,0.115255,0.96874,0,-0.857836,0.450084,-0.248077,0,-0.464606,-0.885517,-3.61999e-06,0,0,0,0,1|0.355822,0.171858,-0.918616,0,0.370817,0.876295,0.307574,0,0.857838,-0.45008,0.248077,0,0,0,0,1|-0.13212,0.273352,0.952798,0,-0.496648,-0.850122,0.175027,0,0.857838,-0.45008,0.248077,0,0.214459,-0.11252,0.0620193,1|-0.13212,0.273352,0.952798,0,0.857839,-0.450077,0.248077,0,0.496645,0.850123,-0.175028,0,0.214459,-0.11252,0.0620193,1|-0.13212,0.273352,0.952798,0,0.857839,-0.450077,0.248077,0,0.496645,0.850123,-0.175028,0,0.338621,0.100011,0.0182624,1||
0.885517,-0.464606,0,0,0.464606,0.885517,0,0,0,0,1,0,0,0,0,1|-0.219678,0.115255,0.96874,0,-0.857836,0.450084,-0.248077,0,-0.464606,-0.885517,-3.61999e-06,0,0,0,0,1|0.476104,0.514247,-0.713355,0,0.193494,0.730053,0.655425,0,0.857838,-0.45008,0.248077,0,0,0,0,1|-0.323154,-0.0970601,0.941356,0,-0.399607,-0.887698,-0.228707,0,0.857838,-0.45008,0.248077,0,0.214459,-0.11252,0.0620193,1|-0.323154,-0.0970601,0.941356,0,0.857839,-0.450077,0.248078,0,0.399604,0.887699,0.228706,0,0.214459,-0.11252,0.0620193,1|-0.323154,-0.0970601,0.941356,0,0.857839,-0.450077,0.248078,0,0.399604,0.887699,0.228706,0,0.31436,0.109405,0.119196,1||
0.885517,-0.464606,0,0,0.464606,0.885517,0,0,0,0,1,0,0,0,0,1|-0.219678,0.115255,0.96874,0,-0.857836,0.450084,-0.248077,0,-0.464606,-0.885517,-3.61999e-06,0,0,0,0,1|0.494751,0.853863,-0.161679,0,-0.139056,0.26143,0.955153,0,0.857838,-0.45008,0.248077,0,0,0,0,1|-0.500297,-0.620949,0.603428,0,-0.117548,-0.641756,-0.757847,0,0.857838,-0.45008,0.248077,0,0.214459,-0.11252,0.0620193,1|-0.500297,-0.620949,0.603428,0,0.857838,-0.450078,0.24808,0,0.117545,0.641757,0.757846,0,0.214459,-0.11252,0.0620193,1|-0.500297,-0.620949,0.603428,0,0.857838,-0.450078,0.24808,0,0.117545,0.641757,0.757846,0,0.243846,0.0479192,0.251481,1||
0.885517,-0.464606,0,0,0.464606,0.885517,0,0,0,0,1,0,0,0,0,1|-0.219678,0.115255,0.96874,0,-0.857836,0.450084,-0.248077,0,-0.464606,-0.885517,-3.61999e-06,0,0,0,0,1|0.169826,0.703857,0.689742,0,-0.48505,-0.549557,0.68023,0,0.857838,-0.45008,0.248077,0,0,0,0,1|-0.383217,-0.881844,-0.274764,0,0.342431,0.140636,-0.928958,0,0.857838,-0.45008,0.248077,0,0.214459,-0.11252,0.0620193,1|-0.383217,-0.881844,-0.274764,0,0.857836,-0.450081,0.248081,0,-0.342435,-0.140634,0.928957,0,0.214459,-0.11252,0.0620193,1|-0.383217,-0.881844,-0.274764,0,0.857836,-0.450081,0.248081,0,-0.342435,-0.140634,0.928957,0,0.128851,-0.147679,0.294258,1||
0.885517,-0.464606,0,0,0.464606,0.885517,0,0,0,0,1,0,0,0,0,1|-0.219678,0.115255,0.96874,0,-0.857836,0.450084,-0.248077,0,-0.464606,-0.885517,-3.61999e-06,0,0,0,0,1|-0.172952,0.201729,0.96405,0,-0.483944,-0.869904,0.095208,0,0.857838,-0.45008,0.248077,0,0,0,0,1|-0.0826527,-0.597257,-0.79778,0,0.507231,0.663861,-0.54955,0,0.857838,-0.45008,0.248077,0,0.214459,-0.11252,0.0620193,1|-0.0826527,-0.597257,-0.79778,0,0.857836,-0.450083,0.248079,0,-0.507234,-0.66386,0.549549,0,0.214459,-0.11252,0.0620193,1|-0.0826527,-0.597257,-0.79778,0,0.857836,-0.450083,0.248079,0,-0.507234,-0.66386,0.549549,0,0.0876509,-0.278485,0.199407,1||
0.885517,-0.464606,0,0,0.464606,0.885517,0,0,0,0,1,0,0,0,0,1|-0.219678,0.115255,0.96874,0,-0.857836,0.450084,-0.248077,0,-0.464606,-0.885517,-3.61999e-06,0,0,0,0,1|-0.254601,-0.791504,-0.555608,0,0.446422,0.413461,-0.793572,0,0.857838,-0.45008,0.248077,0,0,0,0,1|0.43874,0.892744,0.102545,0,-0.267623,0.0208739,0.963297,0,0.857838,-0.45008,0.248077,0,0.214459,-0.11252,0.0620193,1|0.43874,0.892744,0.102545,0,0.857839,-0.45008,0.248074,0,0.26762,-0.0208723,-0.963298,0,0.214459,-0.11252,0.0620193,1|0.43874,0.892744,0.102545,0,0.857839,-0.45008,0.248074,0,0.26762,-0.0208723,-0.963298,0,0.281364,-0.117738,-0.178805,1||
0.885517,-0.464606,0,0,0.464606,0.885517,0,0,0,0,1,0,0,0,0,1|-0.219678,0.115255,0.96874,0,-0.857836,0.450084,-0.248077,0,-0.464606,-0.885517,-3.61999e-06,0,0,0,0,1|-0.254601,-0.791504,-0.555608,0,0.446422,0.413461,-0.793572,0,0.857838,-0.45008,0.248077,0,0,0,0,1|0.43874,0.892744,0.102545,0,-0.267623,0.0208739,0.963297,0,0.857838,-0.45008,0.248077,0,0.214459,-0.11252,0.0620193,1|0.43874,0.892744,0.102545,0,0.857839,-0.45008,0.248074,0,0.26762,-0.0208723,-0.963298,0,0.214459,-0.11252,0.0620193,1|0.43874,0.892744,0.102545,0,0.857839,-0.45008,0.248074,0,0.26762,-0.0208723,-0.963298,0,0.281364,-0.117738,-0.178805,1||
0.885517,-0.464606,0,0,0.464606,0.885517,0,0,0,0,1,0,0,0,0,1|-0.219678,0.115255,0.96874,0,-0.857836,0.450084,-0.248077,0,-0.464606,-0.885517,-3.61999e-06,0,0,0,0,1|-0.254601,-0.791504,-0.555608,0,0.446422,0.413461,-0.793572,0,0.857838,-0.45008,0.248077,0,0,0,0,1|0.43874,0.892744,0.102545,0,-0.267623,0.0208739,0.963297,0,0.857838,-0.45008,0.248077,0,0.214459,-0.11252,0.0620193,1|0.43874,0.892744,0.102545,0,0.857839,-0.45008,0.248074,0,0.26762,-0.0208723,-0.963298,0,0.214459,-0.11252,0.0620193,1|0.43874,0.892744,0.102545,0,0.857839,-0.45008,0.248074,0,0.26762,-0.0208723,-0.963298,0,0.281364,-0.117738,-0.178805,1||
0.885517,-0.464606,0,0,0.464606,0.885517,0,0,0,0,1,0,0,0,0,1|-0.219678,0.115255,0.96874,0,-0.857836,0.450084,-0.248077,0,-0.464606,-0.885517,-3.61999e-06,0,0,0,0,1|-0.254601,-0.791504,-0.555608,0,0.446422,0.413461,-0.793572,0,0.857838,-0.45008,0.248077,0,0,0,0,1|0.172865,0.70729,0.685462,0,-0.483976,-0.545131,0.684543,0,0.857837,-0.45008,0.248077,0,0.214459,-0.11252,0.0620193,1|0.172865,0.70729,0.685462,0,0.857839,-0.450078,0.248075,0,0.483972,0.545133,-0.684544,0,0.214459,-0.11252,0.0620193,1|0.172865,0.70729,0.685462,0,0.857839,-0.450078,0.248075,0,0.483972,0.545133,-0.684544,0,0.335452,0.0237631,-0.109117,1||
0.885517,-0.464606,0,0,0.464606,0.885517,0,0,0,0,1,0,0,0,0,1|-0.219678,0.115255,0.96874,0,-0.857836,0.450084,-0.248077,0,-0.464606,-0.885517,-3.61999e-06,0,0,0,0,1|-0.254601,-0.791504,-0.555608,0,0.446422,0.413461,-0.793572,0,0.857838,-0.45008,0.248077,0,0,0,0,1|-0.0701652,0.375624,0.924112,0,-0.509108,-0.810145,0.290644,0,0.857838,-0.45008,0.248077,0,0.214459,-0.11252,0.0620193,1|-0.0701652,0.375624,0.924112,0,0.857839,-0.450077,0.248076,0,0.509105,0.810146,-0.290645,0,0.214459,-0.11252,0.0620193,1|-0.0701652,0.375624,0.924112,0,0.857839,-0.450077,0.248076,0,0.509105,0.810146,-0.290645,0,0.341736,0.0900165,-0.010642,1||
0.885517,-0.464606,0,0,0.464606,0.885517,0,0,0,0,1,0,0,0,0,1|-0.219678,0.115255,0.96874,0,-0.857836,0.450084,-0.248077,0,-0.464606,-0.885517,-3.61999e-06,0,0,0,0,1|-0.254601,-0.791504,-0.555608,0,0.446422,0.413461,-0.793572,0,0.857838,-0.45008,0.248077,0,0,0,0,1|-0.140523,0.258896,0.955629,0,-0.494336,-0.854635,0.158844,0,0.857838,-0.45008,0.248077,0,0.214459,-0.11252,0.0620193,1|-0.140523,0.258896,0.955629,0,0.857839,-0.450077,0.248077,0,0.494333,0.854636,-0.158845,0,0.214459,-0.11252,0.0620193,1|-0.140523,0.258896,0.955629,0,0.857839,-0.450077,0.248077,0,0.494333,0.854636,-0.158845,0,0.338043,0.101139,0.0223081,1||
0.885517,-0.464606,0,0,0.464606,0.885517,0,0,0,0,1,0,0,0,0,1|-0.219678,0.115255,0.96874,0,-0.857836,0.450084,-0.248077,0,-0.464606,-0.885517,-3.61999e-06,0,0,0,0,1|-0.254601,-0.791504,-0.555608,0,0.446422,0.413461,-0.793572,0,0.857838,-0.45008,0.248077,0,0,0,0,1|-0.466315,-0.47878,0.743855,0,-0.21602,-0.753789,-0.620595,0,0.857838,-0.45008,0.248077,0,0.214459,-0.11252,0.0620193,1|-0.466315,-0.47878,0.743854,0,0.857838,-0.450078,0.24808,0,0.216017,0.75379,0.620594,0,0.214459,-0.11252,0.0620193,1|-0.466315,-0.47878,0.743854,0,0.857838,-0.450078,0.24808,0,0.216017,0.75379,0.620594,0,0.268464,0.0759275,0.217168,1||
0.998004,-0.0631482,0,0,0.0631482,0.998004,0,0,0,0,1,0,0,0,0,1|-0.247582,0.0156621,0.96874,0,-0.966807,0.0611751,-0.248077,0,-0.0631482,-0.998004,-3.61999e-06,0,0,0,0,1|0.09027,-0.82653,-0.555608,0,0.239031,0.55956,-0.793572,0,0.966807,-0.0611715,0.248077,0,0,0,0,1|-0.23056,-0.627314,0.743855,0,0.11012,-0.776361,-0.620595,0,0.966807,-0.0611715,0.248077,0,0.241702,-0.0152929,0.0620193,1|-0.23056,-0.627314,0.743854,0,0.966806,-0.0611687,0.24808,0,-0.110123,0.776361,0.620594,0,0.241702,-0.0152929,0.0620193,1|-0.23056,-0.627314,0.743854,0,0.966806,-0.0611687,0.24808,0,-0.110123,0.776361,0.620594,0,0.214171,0.178797,0.217168,1||
0.740617,0.671928,0,0,-0.671928,0.740617,0,0,0,0,1,0,0,0,0,1|-0.183728,-0.166693,0.96874,0,-0.717466,-0.650923,-0.248077,0,0.671928,-0.740617,-3.61999e-06,0,0,0,0,1|0.655807,-0.511093,-0.555608,0,-0.234869,0.561319,-0.793572,0,0.717463,0.650926,0.248077,0,0,0,0,1|0.289374,-0.602448,0.743855,0,0.633648,-0.461901,-0.620595,0,0.717463,0.650926,0.248077,0,0.179366,0.162731,0.0620193,1|0.289374,-0.602447,0.743854,0,0.717461,0.650927,0.24808,0,-0.63365,0.461899,0.620594,0,0.179366,0.162731,0.0620193,1|0.289374,-0.602447,0.743854,0,0.717461,0.650927,0.24808,0,-0.63365,0.461899,0.620594,0,0.0209532,0.278206,0.217168,1||
0.113741,0.99351,0,0,-0.99351,0.113741,0,0,0,0,1,0,0,0,0,1|-0.0282132,-0.246468,0.96874,0,-0.110187,-0.962453,-0.248077,0,0.99351,-0.113741,-3.61999e-06,0,0,0,0,1|0.830047,0.0481857,-0.555608,0,-0.546701,0.267134,-0.793572,0,0.110183,0.962454,0.248077,0,0,0,0,1|0.614798,-0.262115,0.743855,0,0.78095,0.070557,-0.620595,0,0.110183,0.962454,0.248077,0,0.0275458,0.240613,0.0620193,1|0.614798,-0.262115,0.743854,0,0.11018,0.962453,0.24808,0,-0.780951,-0.0705605,0.620594,0,0.0275458,0.240613,0.0620193,1|0.614798,-0.262115,0.743854,0,0.11018,0.962453,0.24808,0,-0.780951,-0.0705605,0.620594,0,-0.167692,0.222973,0.217168,1||
-0.748653,0.662962,0,0,-0.662962,-0.748653,0,0,0,0,1,0,0,0,0,1|0.185726,-0.164463,0.96874,0,0.725249,-0.642239,-0.248077,0,0.662962,0.748653,-3.61999e-06,0,0,0,0,1|0.436564,0.70761,-0.555608,0,-0.532373,-0.294654,-0.793572,0,-0.725252,0.642236,0.248077,0,0,0,0,1|0.567316,0.353318,0.743855,0,0.39008,0.68022,-0.620595,0,-0.725252,0.642236,0.248077,0,-0.181313,0.160559,0.0620193,1|0.567316,0.353318,0.743854,0,-0.725253,0.642234,0.24808,0,-0.390078,-0.680222,0.620594,0,-0.181313,0.160559,0.0620193,1|0.567316,0.353318,0.743854,0,-0.725253,0.642234,0.24808,0,-0.390078,-0.680222,0.620594,0,-0.278832,-0.00949657,0.217168,1||
-0.972455,-0.233089,0,0,0.233089,-0.972455,0,0,0,0,1,0,0,0,0,1|0.241243,0.0578276,0.96874,0,0.942057,0.225802,-0.248077,0,-0.233089,0.972455,-3.61999e-06,0,0,0,0,1|-0.329307,0.763451,-0.555608,0,-0.0639353,-0.605107,-0.793572,0,-0.942056,-0.225806,0.248077,0,0,0,0,1|0.0359173,0.667376,0.743854,0,-0.333527,0.709663,-0.620595,0,-0.942056,-0.225806,0.248077,0,-0.235514,-0.0564514,0.0620193,1|0.0359173,0.667376,0.743854,0,-0.942055,-0.225808,0.248079,0,0.333531,-0.709662,0.620594,0,-0.235514,-0.0564514,0.0620193,1|0.0359173,0.667376,0.743854,0,-0.942055,-0.225808,0.248079,0,0.333531,-0.709662,0.620594,0,-0.152131,-0.233867,0.217168,1||
-0.972455,-0.233089,0,0,0.233089,-0.972455,0,0,0,0,1,0,0,0,0,1|0.791412,0.189697,0.581105,0,0.565099,0.135446,-0.813829,0,-0.233089,0.972455,-3.61999e-06,0,0,0,0,1|-0.644846,0.687819,-0.333284,0,-0.514624,-0.713132,-0.47603,0,-0.565098,-0.13545,0.813829,0,0,0,0,1|0.45837,0.768633,0.446206,0,-0.685974,0.625185,-0.372267,0,-0.565098,-0.13545,0.813829,0,-0.141275,-0.0338625,0.203457,1|0.45837,0.768633,0.446206,0,-0.565096,-0.135452,0.81383,0,0.685976,-0.625185,0.372264,0,-0.141275,-0.0338625,0.203457,1|0.45837,0.768633,0.446206,0,-0.565096,-0.135452,0.81383,0,0.685976,-0.625185,0.372264,0,0.0302196,-0.190159,0.296523,1||
-0.972455,-0.233089,0,0,0.233089,-0.972455,0,0,0,0,1,0,0,0,0,1|0.91014,0.218152,-0.352215,0,-0.342513,-0.0821009,-0.935919,0,-0.233089,0.972455,-3.61999e-06,0,0,0,0,1|-0.712938,0.6715,0.202007,0,-0.611885,-0.736442,0.288528,0,0.342514,0.0820974,0.935919,0,0,0,0,1|0.549539,0.790483,-0.270452,0,-0.762031,0.606957,0.225635,0,0.342514,0.0820974,0.935919,0,0.0856284,0.0205244,0.23398,1|0.549539,0.790483,-0.270452,0,0.342517,0.0820952,0.935918,0,0.76203,-0.606957,-0.225639,0,0.0856284,0.0205244,0.23398,1|0.549539,0.790483,-0.270452,0,0.342517,0.0820952,0.935918,0,0.76203,-0.606957,-0.225639,0,0.276136,-0.131215,0.17757,1||
-0.972455,-0.233089,0,0,0.233089,-0.972455,0,0,0,0,1,0,0,0,0,1|0.31589,0.0757127,-0.94577,0,-0.919719,-0.22045,-0.324837,0,-0.233089,0.972455,-3.61999e-06,0,0,0,0,1|-0.372114,0.753194,0.54243,0,-0.125088,-0.619759,0.774759,0,0.91972,0.220447,0.324837,0,0,0,0,1|0.0932398,0.68111,-0.72622,0,-0.381342,0.698207,0.605876,0,0.91972,0.220447,0.324837,0,0.22993,0.0551116,0.0812092,1|0.0932398,0.68111,-0.72622,0,0.919721,0.220444,0.324834,0,0.381339,-0.698207,-0.605877,0,0.22993,0.0551116,0.0812092,1|0.0932398,0.68111,-0.72622,0,0.919721,0.220444,0.324834,0,0.381339,-0.698207,-0.605877,0,0.325265,-0.11944,-0.0702601,1||
-0.972455,-0.233089,0,0,0.233089,-0.972455,0,0,0,0,1,0,0,0,0,1|-0.603258,-0.144599,-0.784328,0,-0.762725,-0.182816,0.620346,0,-0.233089,0.972455,-3.61999e-06,0,0,0,0,1|0.155049,0.87955,0.449834,0,0.627861,-0.439284,0.64251,0,0.762726,0.182813,-0.620346,0,0,0,0,1|-0.612537,0.511942,-0.602257,0,0.20748,0.839342,0.502451,0,0.762726,0.182813,-0.620346,0,0.190681,0.0457032,-0.155086,1|-0.612537,0.511942,-0.602257,0,0.762725,0.18281,-0.620348,0,-0.207483,-0.839343,-0.502448,0,0.190681,0.0457032,-0.155086,1|-0.612537,0.511942,-0.602257,0,0.762725,0.18281,-0.620348,0,-0.207483,-0.839343,-0.502448,0,0.138811,-0.164132,-0.280699,1||
>>>>>>> 46c619f3eeb191b7d9e918954f6c368dfb54cdaa
=======
0.993046,0.117726,0,0,-0.117726,0.993046,0,0,0,0,1,0,0,0,0,1|-3.16865e-06,-4.02099e-06,1,0,-0.993046,-0.117726,-3.61999e-06,0,0.117726,-0.993046,-3.61999e-06,0,0,0,0,1|-3.16865e-06,-4.02098e-06,1,0,0.11773,-0.993046,-3.61998e-06,0,0.993046,0.11773,3.62e-06,0,0,0,0,1|-3.16865e-06,-4.02098e-06,1,0,0.11773,-0.993046,-3.61998e-06,0,0.993046,0.11773,3.62e-06,0,0.248261,0.0294325,9.05001e-07,1|-3.16865e-06,-4.02098e-06,1,0,0.993045,0.117733,3.62002e-06,0,-0.117733,0.993045,3.61996e-06,0,0.248261,0.0294325,9.05001e-07,1|-3.16865e-06,-4.02098e-06,1,0,0.993045,0.117733,3.62002e-06,0,-0.117733,0.993045,3.61996e-06,0,0.218828,0.277694,1.80999e-06,1||
0.980067,0.198669,0,0,-0.198669,0.980067,0,0,0,0,1,0,0,0,0,1|-2.82865e-06,-4.26701e-06,1,0,-0.980067,-0.198669,-3.61999e-06,0,0.198669,-0.980067,-3.61999e-06,0,0,0,0,1|-2.82865e-06,-4.26701e-06,1,0,0.198673,-0.980066,-3.61998e-06,0,0.980066,0.198673,3.62e-06,0,0,0,0,1|-2.82865e-06,-4.26701e-06,1,0,0.198673,-0.980066,-3.61998e-06,0,0.980066,0.198673,3.62e-06,0,0.245016,0.0496682,9.05001e-07,1|-2.82865e-06,-4.26701e-06,1,0,0.980065,0.198676,3.62002e-06,0,-0.198676,0.980065,3.61996e-06,0,0.245016,0.0496682,9.05001e-07,1|-2.82865e-06,-4.26701e-06,1,0,0.980065,0.198676,3.62002e-06,0,-0.198676,0.980065,3.61996e-06,0,0.195347,0.294684,1.80999e-06,1||
0.952334,0.305059,0,0,-0.305059,0.952334,0,0,0,0,1,0,0,0,0,1|-2.34313e-06,-4.55175e-06,1,0,-0.952333,-0.305059,-3.61999e-06,0,0.305059,-0.952333,-3.61999e-06,0,0,0,0,1|-2.34313e-06,-4.55175e-06,1,0,0.305062,-0.952332,-3.61998e-06,0,0.952332,0.305062,3.62e-06,0,0,0,0,1|-2.34313e-06,-4.55175e-06,1,0,0.305062,-0.952332,-3.61998e-06,0,0.952332,0.305062,3.62e-06,0,0.238083,0.0762656,9.05001e-07,1|-2.34313e-06,-4.55175e-06,1,0,0.952331,0.305066,3.62002e-06,0,-0.305066,0.952331,3.61996e-06,0,0.238083,0.0762656,9.05001e-07,1|-2.34313e-06,-4.55175e-06,1,0,0.952331,0.305066,3.62002e-06,0,-0.305066,0.952331,3.61996e-06,0,0.161817,0.314348,1.80999e-06,1||
0.891568,0.452887,0,0,-0.452887,0.891568,0,0,0,0,1,0,0,0,0,1|-1.58802e-06,-4.86691e-06,1,0,-0.891568,-0.452887,-3.61999e-06,0,0.452887,-0.891568,-3.61999e-06,0,0,0,0,1|-1.58802e-06,-4.86691e-06,1,0,0.45289,-0.891566,-3.61998e-06,0,0.891566,0.45289,3.62e-06,0,0,0,0,1|-1.58802e-06,-4.86691e-06,1,0,0.45289,-0.891566,-3.61998e-06,0,0.891566,0.45289,3.62e-06,0,0.222892,0.113223,9.05001e-07,1|-1.58802e-06,-4.86691e-06,1,0,0.891565,0.452893,3.62002e-06,0,-0.452893,0.891565,3.61996e-06,0,0.222892,0.113223,9.05001e-07,1|-1.58802e-06,-4.86691e-06,1,0,0.891565,0.452893,3.62002e-06,0,-0.452893,0.891565,3.61996e-06,0,0.109668,0.336114,1.80999e-06,1||
0.827588,0.561336,0,0,-0.561336,0.827588,0,0,0,0,1,0,0,0,0,1|-9.63829e-07,-5.02789e-06,1,0,-0.827588,-0.561336,-3.61999e-06,0,0.561336,-0.827588,-3.61999e-06,0,0,0,0,1|-9.63828e-07,-5.02789e-06,1,0,0.561339,-0.827586,-3.61998e-06,0,0.827586,0.561339,3.62e-06,0,0,0,0,1|-9.63828e-07,-5.02789e-06,1,0,0.561339,-0.827586,-3.61998e-06,0,0.827586,0.561339,3.62e-06,0,0.206896,0.140335,9.05001e-07,1|-9.63828e-07,-5.02789e-06,1,0,0.827584,0.561342,3.62002e-06,0,-0.561342,0.827584,3.61996e-06,0,0.206896,0.140335,9.05001e-07,1|-9.63828e-07,-5.02789e-06,1,0,0.827584,0.561342,3.62002e-06,0,-0.561342,0.827584,3.61996e-06,0,0.0665609,0.347231,1.80999e-06,1||
0.827588,0.561336,0,0,-0.561336,0.827588,0,0,0,0,1,0,0,0,0,1|-0.108925,-0.0738863,0.9913,0,-0.820388,-0.556452,-0.13162,0,0.561336,-0.827588,-3.61999e-06,0,0,0,0,1|-0.108925,-0.0738863,0.9913,0,0.561339,-0.827586,-3.14353e-06,0,0.820386,0.556455,0.13162,0,0,0,0,1|-0.108925,-0.0738863,0.9913,0,0.561339,-0.827586,-3.14353e-06,0,0.820386,0.556455,0.13162,0,0.205097,0.139114,0.0329051,1|-0.108925,-0.0738863,0.9913,0,0.820384,0.556458,0.13162,0,-0.561342,0.827584,2.66706e-06,0,0.205097,0.139114,0.0329051,1|-0.108925,-0.0738863,0.9913,0,0.820384,0.556458,0.13162,0,-0.561342,0.827584,2.66706e-06,0,0.064761,0.34601,0.0329058,1||
0.827588,0.561336,0,0,-0.561336,0.827588,0,0,0,0,1,0,0,0,0,1|-0.188672,-0.127977,0.973666,0,-0.805794,-0.546553,-0.227981,0,0.561336,-0.827588,-3.61999e-06,0,0,0,0,1|-0.188672,-0.127977,0.973665,0,0.561339,-0.827586,-2.7947e-06,0,0.805792,0.546556,0.227981,0,0,0,0,1|-0.188672,-0.127977,0.973665,0,0.561339,-0.827586,-2.7947e-06,0,0.805792,0.546556,0.227981,0,0.201448,0.136639,0.0569953,1|-0.188672,-0.127977,0.973665,0,0.80579,0.546559,0.227981,0,-0.561342,0.827584,1.96941e-06,0,0.201448,0.136639,0.0569953,1|-0.188672,-0.127977,0.973665,0,0.80579,0.546559,0.227981,0,-0.561342,0.827584,1.96941e-06,0,0.0611126,0.343535,0.0569958,1||
0.827588,0.561336,0,0,-0.561336,0.827588,0,0,0,0,1,0,0,0,0,1|-0.349506,-0.237067,0.906446,0,-0.750165,-0.50882,-0.422321,0,0.561336,-0.827588,-3.61999e-06,0,0,0,0,1|-0.349506,-0.237067,0.906446,0,0.561339,-0.827586,-2.09119e-06,0,0.750163,0.508823,0.422321,0,0,0,0,1|-0.349506,-0.237067,0.906446,0,0.561339,-0.827586,-2.09119e-06,0,0.750163,0.508823,0.422321,0,0.187541,0.127206,0.10558,1|-0.349506,-0.237067,0.906446,0,0.750161,0.508826,0.422321,0,-0.561342,0.827584,5.62396e-07,0,0.187541,0.127206,0.10558,1|-0.349506,-0.237067,0.906446,0,0.750161,0.508826,0.422321,0,-0.561342,0.827584,5.62396e-07,0,0.0472053,0.334102,0.10558,1||
0.827588,0.561336,0,0,-0.561336,0.827588,0,0,0,0,1,0,0,0,0,1|-0.414082,-0.280868,0.865823,0,-0.716545,-0.486016,-0.500351,0,0.561336,-0.827588,-3.61999e-06,0,0,0,0,1|-0.414082,-0.280868,0.865823,0,0.561339,-0.827586,-1.80873e-06,0,0.716543,0.486019,0.500351,0,0,0,0,1|-0.414082,-0.280868,0.865823,0,0.561339,-0.827586,-1.80873e-06,0,0.716543,0.486019,0.500351,0,0.179136,0.121505,0.125088,1|-0.414082,-0.280868,0.865823,0,0.716541,0.486022,0.500351,0,-0.561341,0.827584,-2.53999e-09,0,0.179136,0.121505,0.125088,1|-0.414082,-0.280868,0.865823,0,0.716541,0.486022,0.500351,0,-0.561341,0.827584,-2.53999e-09,0,0.0388005,0.328401,0.125088,1||
0.827588,0.561336,0,0,-0.561336,0.827588,0,0,0,0,1,0,0,0,0,1|-0.492903,-0.33433,0.803287,0,-0.664792,-0.450912,-0.595592,0,0.561336,-0.827588,-3.61999e-06,0,0,0,0,1|-0.492903,-0.33433,0.803287,0,0.561339,-0.827586,-1.46395e-06,0,0.66479,0.450915,0.595592,0,0,0,0,1|-0.492903,-0.33433,0.803287,0,0.561339,-0.827586,-1.46395e-06,0,0.66479,0.450915,0.595592,0,0.166197,0.112729,0.148898,1|-0.492903,-0.33433,0.803287,0,0.664788,0.450918,0.595592,0,-0.561341,0.827585,-6.92085e-07,0,0.166197,0.112729,0.148898,1|-0.492903,-0.33433,0.803287,0,0.664788,0.450918,0.595592,0,-0.561341,0.827585,-6.92085e-07,0,0.0258622,0.319625,0.148898,1||
0.827588,0.561336,0,0,-0.561336,0.827588,0,0,0,0,1,0,0,0,0,1|-0.5832,-0.395576,0.709505,0,-0.587179,-0.398269,-0.7047,0,0.561336,-0.827588,-3.61999e-06,0,0,0,0,1|-0.5832,-0.395576,0.709505,0,0.561338,-0.827586,-1.06898e-06,0,0.587177,0.398272,0.7047,0,0,0,0,1|-0.5832,-0.395576,0.709505,0,0.561338,-0.827586,-1.06898e-06,0,0.587177,0.398272,0.7047,0,0.146794,0.0995679,0.176175,1|-0.5832,-0.395576,0.709505,0,0.587175,0.398275,0.7047,0,-0.56134,0.827585,-1.48203e-06,0,0.146794,0.0995679,0.176175,1|-0.5832,-0.395576,0.709505,0,0.587175,0.398275,0.7047,0,-0.56134,0.827585,-1.48203e-06,0,0.00645918,0.306464,0.176175,1||
0.827588,0.561336,0,0,-0.561336,0.827588,0,0,0,0,1,0,0,0,0,1|-0.5832,-0.395576,0.709505,0,-0.587179,-0.398269,-0.7047,0,0.561336,-0.827588,-3.61999e-06,0,0,0,0,1|-0.531609,-0.466779,0.70676,0,0.610422,-0.789618,-0.0623569,0,0.587177,0.398272,0.7047,0,0,0,0,1|-0.531609,-0.466779,0.70676,0,0.610422,-0.789618,-0.0623569,0,0.587177,0.398272,0.7047,0,0.146794,0.0995679,0.176175,1|-0.531609,-0.466779,0.706759,0,0.587175,0.398275,0.704701,0,-0.610424,0.789617,0.0623544,0,0.146794,0.0995679,0.176175,1|-0.531609,-0.466779,0.706759,0,0.587175,0.398275,0.704701,0,-0.610424,0.789617,0.0623544,0,-0.00581163,0.296972,0.191764,1||
0.827588,0.561336,0,0,-0.561336,0.827588,0,0,0,0,1,0,0,0,0,1|-0.5832,-0.395576,0.709505,0,-0.587179,-0.398269,-0.7047,0,0.561336,-0.827588,-3.61999e-06,0,0,0,0,1|-0.457386,-0.555032,0.694793,0,0.667848,-0.730287,-0.143738,0,0.587177,0.398272,0.7047,0,0,0,0,1|-0.457386,-0.555032,0.694793,0,0.667848,-0.730287,-0.143738,0,0.587177,0.398272,0.7047,0,0.146794,0.0995679,0.176175,1|-0.457386,-0.555032,0.694793,0,0.587175,0.398274,0.704701,0,-0.66785,0.730285,0.143736,0,0.146794,0.0995679,0.176175,1|-0.457386,-0.555032,0.694793,0,0.587175,0.398274,0.704701,0,-0.66785,0.730285,0.143736,0,-0.0201682,0.282139,0.212109,1||
0.827588,0.561336,0,0,-0.561336,0.827588,0,0,0,0,1,0,0,0,0,1|-0.5832,-0.395576,0.709505,0,-0.587179,-0.398269,-0.7047,0,0.561336,-0.827588,-3.61999e-06,0,0,0,0,1|-0.306621,-0.69627,0.648993,0,0.749137,-0.597149,-0.286716,0,0.587177,0.398272,0.7047,0,0,0,0,1|-0.306621,-0.69627,0.648993,0,0.749137,-0.597149,-0.286716,0,0.587177,0.398272,0.7047,0,0.146794,0.0995679,0.176175,1|-0.306621,-0.69627,0.648993,0,0.587174,0.398274,0.704701,0,-0.749139,0.597148,0.286713,0,0.146794,0.0995679,0.176175,1|-0.306621,-0.69627,0.648993,0,0.587174,0.398274,0.704701,0,-0.749139,0.597148,0.286713,0,-0.0404906,0.248855,0.247853,1||
0.827588,0.561336,0,0,-0.561336,0.827588,0,0,0,0,1,0,0,0,0,1|-0.5832,-0.395576,0.709505,0,-0.587179,-0.398269,-0.7047,0,0.561336,-0.827588,-3.61999e-06,0,0,0,0,1|-0.17704,-0.786317,0.591914,0,0.78986,-0.472319,-0.391197,0,0.587177,0.398272,0.7047,0,0,0,0,1|-0.17704,-0.786317,0.591914,0,0.78986,-0.472319,-0.391197,0,0.587177,0.398272,0.7047,0,0.146794,0.0995679,0.176175,1|-0.17704,-0.786317,0.591914,0,0.587174,0.398273,0.704702,0,-0.789863,0.472318,0.391195,0,0.146794,0.0995679,0.176175,1|-0.17704,-0.786317,0.591914,0,0.587174,0.398273,0.704702,0,-0.789863,0.472318,0.391195,0,-0.0506714,0.217647,0.273974,1||
0.827588,0.561336,0,0,-0.561336,0.827588,0,0,0,0,1,0,0,0,0,1|-0.5832,-0.395576,0.709505,0,-0.587179,-0.398269,-0.7047,0,0.561336,-0.827588,-3.61999e-06,0,0,0,0,1|-0.100516,-0.827969,0.551692,0,0.803193,-0.394775,-0.446132,0,0.587177,0.398272,0.7047,0,0,0,0,1|-0.100516,-0.827969,0.551692,0,0.803193,-0.394775,-0.446132,0,0.587177,0.398272,0.7047,0,0.146794,0.0995679,0.176175,1|-0.100516,-0.827969,0.551692,0,0.587174,0.398273,0.704702,0,-0.803195,0.394773,0.446129,0,0.146794,0.0995679,0.176175,1|-0.100516,-0.827969,0.551692,0,0.587174,0.398273,0.704702,0,-0.803195,0.394773,0.446129,0,-0.0540046,0.198261,0.287707,1||
0.827588,0.561336,0,0,-0.561336,0.827588,0,0,0,0,1,0,0,0,0,1|-0.5832,-0.395576,0.709505,0,-0.587179,-0.398269,-0.7047,0,0.561336,-0.827588,-3.61999e-06,0,0,0,0,1|0.0141647,-0.875505,0.483002,0,0.809334,-0.273626,-0.519718,0,0.587177,0.398272,0.7047,0,0,0,0,1|0.0141647,-0.875505,0.483002,0,0.809334,-0.273626,-0.519718,0,0.587177,0.398272,0.7047,0,0.146794,0.0995679,0.176175,1|0.0141647,-0.875505,0.483002,0,0.587174,0.398273,0.704702,0,-0.809337,0.273625,0.519715,0,0.146794,0.0995679,0.176175,1|0.0141647,-0.875505,0.483002,0,0.587174,0.398273,0.704702,0,-0.809337,0.273625,0.519715,0,-0.0555399,0.167974,0.306104,1||
0.827588,0.561336,0,0,-0.561336,0.827588,0,0,0,0,1,0,0,0,0,1|-0.5832,-0.395576,0.709505,0,-0.587179,-0.398269,-0.7047,0,0.561336,-0.827588,-3.61999e-06,0,0,0,0,1|0.0141647,-0.875505,0.483002,0,0.809334,-0.273626,-0.519718,0,0.587177,0.398272,0.7047,0,0,0,0,1|0.16359,-0.911005,0.37856,0,0.792755,-0.107,-0.600075,0,0.587177,0.398272,0.7047,0,0.146794,0.0995679,0.176175,1|0.16359,-0.911005,0.37856,0,0.587174,0.398272,0.704702,0,-0.792758,0.106998,0.600072,0,0.146794,0.0995679,0.176175,1|0.16359,-0.911005,0.37856,0,0.587174,0.398272,0.704702,0,-0.792758,0.106998,0.600072,0,-0.0513951,0.126318,0.326193,1||
0.827588,0.561336,0,0,-0.561336,0.827588,0,0,0,0,1,0,0,0,0,1|-0.5832,-0.395576,0.709505,0,-0.587179,-0.398269,-0.7047,0,0.561336,-0.827588,-3.61999e-06,0,0,0,0,1|0.0141647,-0.875505,0.483002,0,0.809334,-0.273626,-0.519718,0,0.587177,0.398272,0.7047,0,0,0,0,1|0.290825,-0.916251,0.275509,0,0.75541,0.0431722,-0.653829,0,0.587177,0.398272,0.7047,0,0.146794,0.0995679,0.176175,1|0.290825,-0.916251,0.275509,0,0.587174,0.398272,0.704703,0,-0.755412,-0.0431736,0.653826,0,0.146794,0.0995679,0.176175,1|0.290825,-0.916251,0.275509,0,0.587174,0.398272,0.704703,0,-0.755412,-0.0431736,0.653826,0,-0.0420586,0.0887745,0.339632,1||
0.827588,0.561336,0,0,-0.561336,0.827588,0,0,0,0,1,0,0,0,0,1|-0.5832,-0.395576,0.709505,0,-0.587179,-0.398269,-0.7047,0,0.561336,-0.827588,-3.61999e-06,0,0,0,0,1|0.0141647,-0.875505,0.483002,0,0.809334,-0.273626,-0.519718,0,0.587177,0.398272,0.7047,0,0,0,0,1|0.290825,-0.916251,0.275509,0,0.75541,0.0431722,-0.653829,0,0.587177,0.398272,0.7047,0,0.146794,0.0995679,0.176175,1|0.483476,-0.710224,0.511696,0,0.442272,0.70265,0.557385,0,-0.755412,-0.0431736,0.653826,0,0.146794,0.0995679,0.176175,1|0.483476,-0.710224,0.511696,0,0.442272,0.70265,0.557385,0,-0.755412,-0.0431736,0.653826,0,-0.0420586,0.0887745,0.339632,1||
0.827588,0.561336,0,0,-0.561336,0.827588,0,0,0,0,1,0,0,0,0,1|-0.5832,-0.395576,0.709505,0,-0.587179,-0.398269,-0.7047,0,0.561336,-0.827588,-3.61999e-06,0,0,0,0,1|0.0141647,-0.875505,0.483002,0,0.809334,-0.273626,-0.519718,0,0.587177,0.398272,0.7047,0,0,0,0,1|0.290825,-0.916251,0.275509,0,0.75541,0.0431722,-0.653829,0,0.587177,0.398272,0.7047,0,0.146794,0.0995679,0.176175,1|0.556234,-0.569677,0.605039,0,0.346348,0.820734,0.454355,0,-0.755412,-0.0431736,0.653826,0,0.146794,0.0995679,0.176175,1|0.556234,-0.569677,0.605039,0,0.346348,0.820734,0.454355,0,-0.755412,-0.0431736,0.653826,0,-0.0420586,0.0887745,0.339632,1||
0.827588,0.561336,0,0,-0.561336,0.827588,0,0,0,0,1,0,0,0,0,1|-0.5832,-0.395576,0.709505,0,-0.587179,-0.398269,-0.7047,0,0.561336,-0.827588,-3.61999e-06,0,0,0,0,1|0.0141647,-0.875505,0.483002,0,0.809334,-0.273626,-0.519718,0,0.587177,0.398272,0.7047,0,0,0,0,1|0.290825,-0.916251,0.275509,0,0.75541,0.0431722,-0.653829,0,0.587177,0.398272,0.7047,0,0.146794,0.0995679,0.176175,1|0.611163,-0.40625,0.679294,0,0.23629,0.912741,0.333273,0,-0.755412,-0.0431736,0.653826,0,0.146794,0.0995679,0.176175,1|0.611163,-0.40625,0.679294,0,0.23629,0.912741,0.333273,0,-0.755412,-0.0431736,0.653826,0,-0.0420586,0.0887745,0.339632,1||
0.827588,0.561336,0,0,-0.561336,0.827588,0,0,0,0,1,0,0,0,0,1|-0.5832,-0.395576,0.709505,0,-0.587179,-0.398269,-0.7047,0,0.561336,-0.827588,-3.61999e-06,0,0,0,0,1|0.0141647,-0.875505,0.483002,0,0.809334,-0.273626,-0.519718,0,0.587177,0.398272,0.7047,0,0,0,0,1|0.290825,-0.916251,0.275509,0,0.75541,0.0431722,-0.653829,0,0.587177,0.398272,0.7047,0,0.146794,0.0995679,0.176175,1|0.644318,-0.230453,0.729209,0,0.119194,0.972125,0.201904,0,-0.755412,-0.0431736,0.653826,0,0.146794,0.0995679,0.176175,1|0.644318,-0.230453,0.729209,0,0.119194,0.972125,0.201904,0,-0.755412,-0.0431736,0.653826,0,-0.0420586,0.0887745,0.339632,1||
>>>>>>> 33feacb2819ea95b7d258161a7267a97255a0840
